segdesc   = DRGC2H_F
2020-05-01
 traces ->      1981      1982      1983      1984      1985      1986      1987      1988      1989      1990      1991      1992      1993      1994      1995      1996      1997      1998      1999      2000      2001      2002      2003      2004      2005      2006      2007      2008      2009      2010      2011      2012      2013      2014      2015
 5/2020      112.839    91.994    73.891   128.695   117.261   100.868    99.037    89.855    99.677   102.438    81.980   131.567   124.709   114.249    97.405   122.425   125.282    91.340   121.546   123.053   144.370    91.034   107.351   116.926   108.955   112.836   136.225   106.311   136.973    76.164   108.231   114.621   110.000   103.604   127.119
 6/2020      141.810    93.513   102.570    95.228    95.016   101.021    86.470   106.429    62.208    87.549    92.190   103.438    90.000    77.525   122.116    62.558   108.985    67.256   120.416    64.961    66.505    66.607    77.194    56.793    71.638    64.049    90.691    93.996    78.005    80.644   125.710    54.471    70.629    99.887   200.894
 7/2020       74.356    50.387    55.907    42.234    33.744    66.165    36.404    39.711    27.237    42.235    47.259    50.778    34.020    25.615    90.804    26.522    33.000    32.149    71.472    21.285    23.118    21.311    25.447    23.022    31.748    30.137    37.526    30.719    30.821    27.326    50.268    19.747    28.589    31.028    78.466
 8/2020       28.824    45.996    20.282    36.121    16.751    25.355    25.391    25.041    20.416    25.880    18.175    30.912    21.000    13.206    31.098    14.461    34.089    15.437    64.905    15.800    22.521    11.842    16.680    12.935    19.386    21.500    29.227    16.756    14.343    22.792    19.428    12.471    26.060    18.877    27.089
 9/2020       16.382    51.838    12.452    23.210    27.202    33.428    16.550    20.004    13.192    17.777    31.323    20.000    23.031    21.100    19.441    14.360    37.393    13.863    46.187    14.773    12.417    22.236    25.502    22.125    11.725    18.278    29.949    21.770    11.482    12.425    15.699     9.873    40.024    24.862    17.907
10/2020       28.192    30.183    17.698    21.656    33.174    38.890    12.811    20.550    17.306    27.715    17.098    14.751    16.015    17.588    20.760    23.591    38.823    14.775    21.448    17.469    11.844    19.720    16.822    23.747    22.286    64.711    37.965    15.244    12.953    17.116    23.091    10.308    32.936    37.036    15.042
11/2020       16.721    17.723    11.186    15.670    18.633    25.212    16.251    13.117    11.644    19.937    13.632    12.390    12.346    14.718    13.334    16.093    19.156    16.715    14.290    14.388    10.781    12.917    11.680    17.886    13.716    23.760    18.549    12.402    11.340    12.986    17.030     9.153    17.890    20.377    13.216
12/2020       12.933    14.336    10.246    13.068    13.953    16.887    12.088    11.085     9.905    13.844    11.978    11.292    11.184    12.375    12.148    13.730    13.641    14.843    12.690    11.457     9.794    11.330    11.025    12.570    10.582    14.006    14.936    11.065     9.790    10.778    13.642     8.733    13.666    13.436    13.334
 1/2021       11.205    11.855     9.649    12.235    11.953    12.882    10.120     9.699     8.883    10.952    10.195    10.220    10.218    10.658    10.900    11.068    11.709    11.124    11.523    10.072     8.981    10.419     9.756    13.041     9.608    11.275    12.457     9.760     8.875     9.900    12.368     8.065    11.497    11.491    12.601
 2/2021        9.263     9.702     7.893     9.475    11.584    16.262     8.339     8.021     7.393     9.681     8.649     8.529     8.675    11.164    11.858     8.732     9.699    10.136    10.243     8.141     7.566     9.571     8.001    10.959     8.264    11.162     9.596     9.062     7.409     7.902     9.858     6.756    11.226    13.788    10.403
 3/2021       11.464    13.313    10.857    18.893    26.940    26.547    13.112    18.919    12.703    11.268    14.727    14.973    16.670    31.520    15.842    31.589    16.986    15.771    14.279    13.798     9.866    14.755    21.822    22.814    11.968    37.414    12.612    18.333     7.962    14.129    20.861    10.356    16.308    22.334    13.121
 4/2021       23.930    25.483    26.227    84.573    79.927    91.782    27.549    71.249    31.619    33.964    59.464    59.673    38.850    47.771    33.185    69.520    40.016    26.230    50.097    51.491    20.290    27.966    70.840    86.523    38.125    60.608    43.027    30.475    28.774    31.327    50.747    24.169    44.618    30.627    26.473
 5/2021      135.176   121.093   186.771   216.052   174.622   197.968    81.824   122.179    82.341   100.634   137.144   222.974   139.657   135.032   135.663   199.991   140.100   139.160   124.281   197.259    44.228    95.610   156.769   216.363   101.182   154.295   171.571   173.227    74.577   118.570    95.374    50.231   127.904    94.342    69.020
 6/2021      194.723   240.513   230.326   250.834   236.770   185.305   135.482    90.837   105.529   173.936   111.418   231.312   124.084   251.002    93.090   257.773   122.340   199.929    73.228   120.895    29.167    93.150    97.011   222.617    75.489   130.060   224.585   120.892   118.511   231.486    52.277    46.930   168.009   203.130    97.406
 7/2021      109.024   142.144   107.673    89.980   139.045    75.311    54.643    38.322    48.853    92.709    53.386    85.335    37.303   180.056    37.672    78.010    61.834   133.178    24.661    39.606    12.244    28.972    36.975    89.407    33.995    50.916    68.954    46.515    41.272    99.427    20.736    21.477    49.091    77.429    49.327
 8/2021       77.023    45.810    64.015    36.010    45.193    45.934    32.167    28.470    30.718    31.069    37.700    40.891    19.260    57.256    19.153    67.996    26.316    90.377    19.501    33.921     8.583    19.879    20.923    41.168    25.762    40.666    31.339    20.984    30.993    31.676    14.786    23.819    27.204    29.388    26.063
 9/2021       70.105    23.323    36.050    44.937    48.178    30.999    23.773    17.633    19.828    42.674    25.106    37.594    27.342    31.426    17.226    58.785    20.718    59.262    18.500    18.240    18.775    28.961    30.586    22.118    21.474    37.207    33.699    15.409    15.954    21.640    11.446    37.161    32.960    18.669    14.683
10/2021       35.968    25.568    29.195    45.919    49.312    20.241    22.715    19.981    27.186    20.693    16.718    23.332    20.031    28.206    24.794    49.068    19.225    24.600    19.187    15.441    15.199    16.732    29.507    33.186    65.630    40.394    21.226    15.088    18.987    26.453    10.607    27.630    42.467    13.668    24.365
11/2021       22.108    16.841    21.501    25.695    32.646    23.526    14.748    13.563    19.567    16.462    14.119    18.186    16.738    18.740    16.595    25.029    20.651    16.656    15.914    13.942     9.772    11.517    21.962    20.442    23.794    19.791    17.406    13.134    14.384    19.399     9.422    14.690    22.551    11.998    14.553
12/2021       18.081    15.472    18.099    19.744    21.787    17.537    11.928    11.624    13.541    14.378    12.845    16.601    14.112    17.187    14.373    18.568    18.308    14.862    12.620    12.730     8.479    10.863    15.734    16.331    13.899    15.882    15.550    11.396    12.061    15.581     8.992    11.092    14.835    12.160    10.870
 1/2022       15.036    14.443    16.800    16.968    16.669    14.778    10.331    10.449    10.698    12.322    11.586    15.137    12.187    15.252    11.623    16.091    13.940    13.497    11.097    11.666     7.800     9.625    16.320    14.846    11.152    13.293    13.731    10.338    11.045    14.102     8.306     9.234    12.650    11.523     9.190
 2/2022       12.302    11.821    12.969    16.341    20.581    12.165     8.481     8.698     9.451    10.425     9.653    12.773    12.538    15.936     9.209    13.316    12.617    11.926     8.972     9.806     7.368     7.901    13.683    12.658    11.031    10.293    12.403     8.627     8.821    11.259     6.960     9.267    14.823     9.531     7.568
 3/2022       16.536    15.349    25.156    35.658    31.643    17.862    19.224    14.211    11.045    17.033    16.653    22.484    34.088    20.380    30.510    22.953    18.576    16.276    14.449    12.366    12.101    21.500    26.632    17.067    35.977    13.313    22.979     9.221    15.341    22.996    10.324    13.830    23.533    12.159     9.564
 4/2022       30.327    34.159    94.617    94.686   101.484    33.925    71.599    33.958    31.616    65.512    61.568    48.864    49.851    40.029    67.336    48.944    30.543    53.937    49.191    22.969    21.822    69.603    91.567    47.905    59.840    43.550    36.332    30.789    33.957    55.484    23.527    38.462    32.193    25.360    20.020
 5/2022      135.284   208.671   225.687   187.265   207.161    90.744   121.711    87.950    98.744   144.268   220.230   158.284   139.195   150.028   199.018   150.281   149.141   128.110   196.144    47.738    82.533   158.518   220.101   119.946   154.800   173.992   188.759    78.207   122.706    99.758    49.054   121.117    97.930    68.057   124.296
 6/2022      249.325   240.880   260.462   243.915   189.206   142.727    93.522   109.472   174.049   114.861   235.330   132.045   256.313    98.238   262.987   127.302   206.860    74.915   123.895    31.432    85.637    97.604   231.997    82.943   130.407   227.264   126.244   122.265   235.367    54.122    47.166   163.702   207.123    96.746   189.733
 7/2022      144.386   110.328    92.666   141.540    76.401    57.583    38.020    50.188    92.690    54.750    89.834    40.052   181.772    40.181    80.180    64.185   135.569    25.590    41.199    13.830    26.632    37.010    95.140    37.643    50.838    69.388    52.321    42.357   100.496    21.720    21.216    47.972    78.197    48.695   111.022
 8/2022       46.746    65.598    37.550    46.362    46.586    34.289    30.021    31.570    30.913    38.682    38.829    21.274    57.657    21.067    69.596    27.896    91.870    20.320    34.298     9.948    18.125    20.873    42.188    28.543    40.533    31.486    22.810    31.834    32.196    15.590    24.238    26.421    29.637    25.551    76.638
 9/2022       24.020    37.169    44.771    49.375    31.479    25.594    17.858    20.443    42.494    25.813    40.531    29.459    31.652    19.029    58.255    22.068    60.079    19.230    18.675    20.354    27.001    30.520    22.414    23.749    37.078    33.820    16.786    16.475    22.061    12.125    36.907    32.209    18.824    14.277    70.120
10/2022       26.274    30.267    46.649    50.611    20.632    24.253    20.338    27.818    20.537    17.309    23.671    21.811    28.406    26.852    50.593    20.754    25.129    19.952    15.590    16.529    15.416    29.435    33.768    69.353    40.266    21.303    16.386    19.519    26.918    11.244    28.684    41.691    13.790    23.920    36.652
11/2022       17.402    22.418    26.506    33.764    23.975    15.989    13.841    20.030    16.327    14.642    18.428    18.367    18.891    18.167    25.533    22.102    17.098    16.567    14.193    10.843    10.469    21.897    20.959    25.643    19.682    17.469    14.277    14.823    19.741     9.988    14.991    22.057    12.106    14.198    21.897
12/2022       15.997    18.905    20.195    22.434    17.864    13.128    11.811    13.933    14.252    13.329    16.727    15.527    17.330    15.744    18.692    19.531    15.274    13.157    12.876     9.434     9.880    15.683    16.614    15.352    15.759    15.606    12.413    12.452    15.889     9.529    11.319    14.404    12.260    10.558    17.871
 1/2023       14.928    17.510    17.267    17.126    15.057    11.410    10.599    11.040    12.209    12.025    15.228    13.385    15.382    12.746    16.124    14.866    13.872    11.569    11.793     8.653     8.737    16.255    15.110    12.435    13.189    13.781    11.251    11.398    14.381     8.799     9.312    12.261    11.624     8.909    14.797
 2/2023       12.214    13.519    16.367    21.182    12.394     9.373     8.819     9.738    10.331    10.017    12.861    13.666    16.060    10.097    13.342    13.491    12.248     9.356     9.895     8.097     7.167    13.634    12.798    12.162    10.214    12.445     9.381     9.109    11.487     7.370     9.289    14.454     9.612     7.336    12.064
 3/2023       15.820    26.122    35.484    32.426    18.168    20.600    14.093    11.345    16.923    17.122    22.484    36.317    20.521    32.400    22.582    19.455    16.665    15.025    12.262    12.980    20.445    26.550    17.158    37.885    13.214    23.028     9.903    15.686    23.385    10.783    13.879    23.071    12.239     9.315    16.230
 4/2023       34.997    96.491    94.827   102.954    34.505    73.535    33.234    32.013    65.286    62.403    48.236    51.798    40.180    69.730    48.113    31.586    54.592    50.044    23.279    22.659    67.886    91.386    46.840    61.717    43.298    36.391    30.936    34.410    55.837    24.081    37.558    31.700    25.485    19.707    28.074
 5/2023      210.124   227.089   184.009   207.950    91.281   123.217    87.341    99.554   144.060   221.823   154.597   141.525   150.261   201.453   146.590   150.976   128.688   197.205    46.272    83.886   156.295   220.146   120.528   156.991   173.850   188.986    76.969   123.597   100.012    49.720   114.478    97.262    68.249   123.462   126.553
 6/2023      241.439   260.923   244.345   189.449   143.064    94.296   110.041   174.801   114.796   236.061   135.779   257.970    98.348   264.078   129.286   207.775    75.150   124.262    32.809    86.674    96.714   232.117    83.921   131.526   227.256   126.326   124.819   236.136    54.279    47.657   168.300   206.623    96.925   189.441   252.554
 7/2023      110.487    92.741   145.796    76.486    57.752    38.507    51.213    92.943    54.711    89.974    41.147   182.346    40.247    80.490    66.815   136.016    25.751    41.371    14.053    27.114    36.647    95.160    38.108    51.409    69.363    52.346    44.339   100.692    21.844    21.524    47.810    78.009    48.775   110.929   148.440
 8/2023       65.717    37.609    47.598    46.653    34.425    30.490    31.799    31.025    38.645    38.891    21.531    57.902    21.120    69.894    28.322    92.315    20.467    34.490    10.048    18.526    20.614    42.188    28.561    41.034    31.461    22.821    32.548    32.286    15.700    24.548    28.251    29.506    25.587    76.540    48.515
 9/2023       37.264    44.839    48.937    31.533    25.715    18.207    20.483    42.611    25.781    40.590    29.325    31.842    19.080    58.514    22.248    60.366    19.361    18.786    20.236    27.440    30.205    22.410    23.663    37.527    33.790    16.795    16.836    22.134    12.221    37.220    31.372    18.714    14.300    70.021    24.287
10/2023       30.361    46.709    51.706    20.678    24.357    20.699    27.891    20.617    17.281    23.711    21.974    28.577    26.909    50.796    20.535    25.335    20.093    15.697    16.762    15.742    29.160    33.763    69.366    40.682    21.280    16.395    20.015    27.025    11.335    28.931    42.919    13.687    23.948    36.587    26.408
11/2023       22.502    26.545    34.716    24.032    16.075    14.125    20.683    16.397    14.618    18.461    18.738    19.033    18.212    25.668    22.229    17.272    16.688    14.288    10.977    10.740    21.687    20.955    26.580    19.993    17.449    14.285    15.285    19.801    10.068    15.168    22.690    12.014    14.218    21.839    17.459
12/2023       18.979    20.230    22.936    17.904    13.211    12.072    14.173    14.315    13.306    16.756    15.618    17.464    15.784    18.813    19.745    15.437    13.256    12.965     9.572    10.136    15.518    16.610    15.599    16.086    15.587    12.419    12.675    15.942     9.604    11.471    14.589    12.171    10.575    17.820    15.982
 1/2024       17.575    17.299    17.355    15.090    11.484    10.837    11.151    12.264    12.005    15.254    13.481    15.504    12.778    16.233    14.960    14.021    11.655    11.874     8.669     8.964    16.094    15.107    12.558    13.466    13.764    11.257    11.694    14.428     8.867     9.446    12.274    11.543     8.925    14.754    14.959
 2/2024       14.058    17.354    22.004    12.886     9.800     9.326    10.155    10.736    10.343    13.333    14.232    16.805    10.472    13.891    13.988    12.829     9.756    10.322     8.482     7.619    13.978    13.296    12.649    10.778    12.964     9.709     9.624    11.961     7.682     9.855    15.006    10.017     7.601    12.466    12.639
 3/2024       26.655    36.948    32.572    18.411    21.159    14.635    11.417    17.209    17.502    22.664    36.700    20.634    33.524    23.274    19.472    17.203    15.454    12.544    13.041    21.366    26.793    17.248    38.378    13.978    23.104     9.998    15.947    24.289    11.096    14.052    23.339    12.140     9.399    16.220    15.789
 4/2024      100.644    95.990   103.242    35.846    74.234    34.470    32.571    68.647    65.887    49.515    52.153    41.191    71.743    49.680    31.747    57.860    53.818    23.163    22.788    70.149    93.596    48.500    62.093    45.367    37.679    32.242    34.988    56.205    24.642    38.440    31.855    26.437    20.978    30.092    34.936
 5/2024      230.810   187.863   208.187    93.687   125.395    88.819    99.902   144.345   227.603   159.256   141.805   151.903   206.136   150.779   151.489   129.946   199.062    48.187    84.194   157.205   226.939   120.688   157.249   180.926   192.203    80.065   124.594   100.473    50.418   121.313    97.305    70.760   128.113   134.946   210.744
 6/2024      256.988   244.560   189.519   144.096    92.829   110.026   175.147   113.844   233.006   132.374   258.282    99.413   262.392   127.516   208.110    71.853   121.843    31.625    86.831    95.999   228.415    83.195   131.757   223.767   126.936   123.567   236.714    53.738    47.275   164.027   206.731    95.098   190.548   249.116   241.577
 7/2024       91.058   142.014    76.508    54.513    39.294    50.502    93.147    54.483    85.601    40.161   182.440    38.103    78.796    64.282   136.095    25.439    40.058    13.947    27.166    36.218    90.559    37.790    51.505    66.393    48.887    42.872   100.853    21.635    21.845    48.078    78.074    48.786   107.677   144.483   110.526
 8/2024       36.603    46.483    46.668    34.351    29.266    31.775    31.101    38.502    41.103    21.352    57.928    21.058    68.479    27.953    92.358    21.015    34.325    10.044    18.564    20.492    41.629    28.646    41.105    31.127    22.548    32.277    32.375    15.662    24.216    26.500    29.531    24.949    76.077    46.745    65.726
 9/2024       45.613    49.470    31.544    25.849    18.216    20.613    42.684    25.137    37.798    29.539    31.858    19.238    59.088    22.115    60.419    19.059    18.554    20.463    27.482    31.049    22.399    23.828    37.582    33.849    16.716    16.795    22.209    12.213    37.593    32.281    18.733    14.143    69.282    23.988    37.265
10/2024       46.498    50.708    20.688    24.052    20.572    27.978    20.666    17.130    23.455    21.879    28.590    26.825    49.333    20.805    25.352    20.003    15.728    16.622    15.771    28.735    33.522    69.484    40.730    21.293    16.348    19.837    27.108    11.345    27.977    41.761    13.704    23.742    35.456    26.235    30.360
11/2024       26.064    33.886    24.043    15.798    14.026    20.157    16.444    14.602    18.286    18.431    19.043    18.305    25.159    22.152    17.284    16.474    14.195    10.916    10.764    21.475    20.668    25.711    20.029    17.313    14.219    15.089    19.864    10.081    14.945    22.108    12.029    13.742    21.665    17.369    22.501
12/2024       20.073    22.485    17.912    13.153    12.048    14.047    14.354    13.281    16.696    15.581    17.473    15.670    18.678    19.572    15.449    13.228    12.968     9.500    10.159    15.573    16.527    15.406    16.124    15.554    12.399    12.705    15.998     9.617    11.320    14.448    12.186    10.375    17.692    15.966    18.978
 1/2025       17.264    17.163    15.096    11.456    10.835    11.138    12.297    12.000    15.223    13.431    15.512    12.758    16.189    14.898    14.031    11.647    11.883     8.712     8.984    16.079    15.024    12.483    13.498    13.795    11.253    11.623    14.478     8.880     9.426    12.301    11.556     8.857    14.704    14.899    17.574
 2/2025       16.656    21.207    12.426     9.465     9.018     9.821    10.404     9.998    12.845    13.710    16.188    10.122    13.397    13.520    12.388     9.432     9.986     8.147     7.369    13.460    12.807    12.204    10.449    12.550     9.385     9.290    11.566     7.437     9.433    14.491     9.558     7.312    12.032    12.191    13.567
 3/2025       36.499    32.476    18.214    21.106    14.621    11.437    17.022    17.492    22.607    36.404    20.670    33.423    23.046    19.486    16.846    15.445    12.567    13.040    20.763    26.548    17.242    37.956    13.504    23.135    10.008    15.919    23.506    11.104    14.025    23.114    12.179     9.364    16.151    15.791    26.232
 4/2025       95.618   103.050    34.593    73.930    34.393    32.203    65.481    65.740    49.090    51.874    40.311    71.521    49.075    31.621    54.849    53.639    23.181    22.723    68.435    93.424    48.233    61.803    43.905    37.462    32.215    34.707    55.967    24.660    38.160    31.728    25.419    20.827    29.908    34.927    96.666
