segdesc   = LNAC2H_F
2019-04-01
 traces ->      1981      1982      1983      1984      1985      1986      1987      1988      1989      1990      1991      1992      1993      1994      1995      1996      1997      1998      1999      2000      2001      2002      2003      2004      2005      2006      2007      2008      2009      2010      2011      2012      2013      2014      2015
 4/2019        2.768     2.035     2.008     2.175     2.827     3.413     2.737     2.593     2.509     3.794     1.541     2.466     2.240     3.738     2.122     2.393     2.432     2.171     3.076     2.406     3.072     2.368     2.309     2.315     2.204     2.828     2.453     1.982     2.579     2.724     3.060     2.875     2.431     2.482     2.151
 5/2019        4.269     3.111     2.995     4.613     5.079     5.192     4.067     3.983     3.286     4.727     2.745     4.865     3.976     5.168     3.953     4.322     4.666     3.401     5.469     4.151     5.898     3.294     3.609     4.581     5.514     4.654     5.545     3.096     4.906     3.402     4.039     4.362     4.094     3.409     5.146
 6/2019        2.228     2.321     3.695     2.753     2.587     3.752     1.722     2.349     0.907     2.877     2.710     1.588     2.229     2.111     3.818     1.141     2.743     1.884     3.777     1.093     1.640     1.184     1.773     1.947     2.356     1.018     1.705     1.904     1.301     1.789     2.691     0.910     1.802     2.243     4.728
 7/2019        0.452     0.456     0.778     0.363     0.421     0.708     0.294     0.392     0.278     0.503     0.470     0.284     0.326     0.315     1.204     0.234     0.497     0.354     0.694     0.220     0.266     0.219     0.265     0.287     0.345     0.308     0.278     0.304     0.255     0.280     0.361     0.209     0.279     0.302     0.614
 8/2019        0.248     0.368     0.214     0.429     0.386     0.370     0.219     0.265     0.339     0.349     0.254     0.448     0.340     0.412     0.361     0.153     0.526     0.187     0.512     0.145     0.184     0.141     0.159     0.155     0.208     0.335     0.156     0.168     0.156     0.282     0.280     0.145     0.176     0.154     0.190
 9/2019        0.230     0.441     0.146     0.224     0.523     0.694     0.189     0.207     0.177     0.247     0.313     0.297     0.318     0.498     0.314     0.205     0.565     0.137     0.300     0.129     0.140     0.130     0.399     0.301     0.155     0.385     0.203     0.208     0.197     0.221     0.237     0.142     0.418     0.132     0.177
10/2019        0.407     0.195     0.266     0.415     0.748     1.272     0.157     0.154     0.355     0.293     0.156     0.159     0.216     0.218     0.197     0.237     0.430     0.344     0.165     0.216     0.135     0.207     0.173     0.243     0.386     0.843     0.239     0.147     0.160     0.210     0.637     0.131     0.300     0.215     0.179
11/2019        0.184     0.213     0.139     0.216     0.239     0.660     0.358     0.132     0.141     0.299     0.151     0.161     0.146     0.249     0.139     0.210     0.215     0.436     0.144     0.204     0.126     0.208     0.165     0.243     0.174     0.281     0.138     0.127     0.156     0.174     0.211     0.123     0.178     0.134     0.204
12/2019        0.138     0.145     0.131     0.184     0.147     0.352     0.149     0.132     0.126     0.172     0.131     0.137     0.130     0.154     0.136     0.163     0.147     0.277     0.143     0.129     0.127     0.143     0.147     0.145     0.135     0.151     0.238     0.129     0.147     0.156     0.155     0.122     0.142     0.141     0.185
 1/2020        0.130     0.128     0.127     0.163     0.156     0.163     0.126     0.128     0.121     0.138     0.120     0.127     0.125     0.140     0.132     0.133     0.134     0.141     0.146     0.120     0.123     0.129     0.126     0.177     0.127     0.132     0.139     0.121     0.126     0.140     0.138     0.118     0.129     0.130     0.184
 2/2020        0.118     0.115     0.115     0.132     0.234     0.571     0.114     0.119     0.110     0.129     0.109     0.115     0.114     0.243     0.180     0.119     0.121     0.189     0.167     0.112     0.113     0.134     0.116     0.143     0.126     0.145     0.116     0.140     0.113     0.131     0.123     0.113     0.157     0.220     0.150
 3/2020        0.270     0.287     0.282     1.338     1.204     1.275     0.293     0.468     0.287     0.228     0.343     0.560     0.581     2.139     0.295     1.029     0.691     0.524     0.380     0.394     0.226     0.369     0.539     0.341     0.299     1.546     0.392     0.461     0.251     0.483     0.593     0.289     0.383     0.447     0.259
 4/2020        2.097     1.426     1.516     4.510     4.514     4.014     1.392     1.112     1.199     1.883     3.192     3.767     2.495     2.950     0.696     2.418     1.941     1.253     0.940     2.292     0.543     0.557     0.742     3.058     1.017     2.357     3.366     1.117     2.158     1.588     1.945     0.624     1.051     0.594     0.798
 5/2020        4.680     4.623     4.630     6.813     4.932     4.466     2.694     2.444     2.037     3.900     5.193     6.582     4.396     5.656     1.696     5.276     3.756     4.210     1.300     4.587     0.293     1.840     2.459     8.751     1.605     2.984     4.878     3.294     2.927     3.345     1.763     1.238     2.430     2.874     2.004
 6/2020        2.547     4.303     2.661     3.335     2.834     1.362     0.953     0.595     0.415     2.794     1.462     3.352     1.222     5.115     0.296     2.752     1.454     1.444     0.221     1.112     0.122     0.670     0.574     3.946     0.256     0.457     2.818     0.706     1.284     1.380     0.266     0.330     0.625     0.997     0.429
 7/2020        0.486     0.877     0.353     0.515     0.500     0.263     0.253     0.242     0.217     0.479     0.281     0.444     0.243     1.576     0.145     0.574     0.320     0.330     0.137     0.225     0.110     0.165     0.163     0.540     0.200     0.171     0.411     0.191     0.252     0.236     0.143     0.132     0.169     0.222     0.243
 8/2020        0.390     0.228     0.433     0.387     0.366     0.226     0.226     0.308     0.261     0.270     0.459     0.397     0.393     0.404     0.129     0.466     0.182     0.408     0.126     0.177     0.106     0.129     0.125     0.235     0.268     0.142     0.190     0.137     0.264     0.255     0.128     0.130     0.128     0.133     0.195
 9/2020        0.460     0.172     0.226     0.550     0.683     0.191     0.185     0.167     0.194     0.341     0.309     0.321     0.476     0.325     0.177     0.586     0.138     0.259     0.117     0.137     0.105     0.341     0.260     0.167     0.315     0.191     0.230     0.181     0.217     0.218     0.129     0.328     0.117     0.143     0.193
10/2020        0.200     0.255     0.420     0.771     1.227     0.163     0.140     0.338     0.233     0.169     0.167     0.230     0.212     0.196     0.208     0.435     0.369     0.147     0.194     0.132     0.168     0.145     0.214     0.408     0.696     0.219     0.160     0.144     0.209     0.596     0.119     0.230     0.192     0.146     0.339
11/2020        0.227     0.143     0.219     0.232     0.600     0.363     0.120     0.132     0.237     0.167     0.170     0.154     0.237     0.145     0.185     0.214     0.428     0.129     0.189     0.123     0.176     0.140     0.215     0.177     0.235     0.130     0.139     0.143     0.169     0.196     0.113     0.139     0.118     0.167     0.161
12/2020        0.151     0.136     0.187     0.150     0.339     0.151     0.120     0.118     0.138     0.143     0.144     0.138     0.149     0.142     0.144     0.151     0.267     0.129     0.118     0.124     0.116     0.126     0.127     0.140     0.128     0.227     0.143     0.133     0.156     0.145     0.112     0.112     0.125     0.155     0.119
 1/2021        0.135     0.131     0.165     0.163     0.162     0.130     0.116     0.113     0.112     0.132     0.134     0.133     0.135     0.137     0.117     0.139     0.143     0.131     0.110     0.120     0.107     0.107     0.155     0.133     0.112     0.132     0.134     0.114     0.138     0.131     0.108     0.102     0.116     0.151     0.112
 2/2021        0.117     0.115     0.128     0.229     0.552     0.114     0.103     0.099     0.101     0.115     0.117     0.117     0.224     0.181     0.101     0.121     0.184     0.145     0.098     0.107     0.107     0.095     0.122     0.128     0.118     0.107     0.146     0.099     0.126     0.111     0.101     0.123     0.193     0.120     0.098
 3/2021        0.302     0.291     1.337     1.237     1.265     0.299     0.416     0.268     0.184     0.374     0.570     0.622     2.043     0.306     0.844     0.691     0.527     0.339     0.355     0.222     0.317     0.472     0.293     0.313     1.184     0.371     0.511     0.230     0.484     0.527     0.260     0.310     0.402     0.220     0.229
 4/2021        1.497     1.570     4.317     4.579     4.005     1.412     1.013     1.142     1.566     3.322     3.745     2.666     2.897     0.721     2.161     1.948     1.228     0.814     2.038     0.530     0.459     0.638     2.679     1.084     2.094     3.207     1.180     1.976     1.547     1.738     0.554     0.761     0.534     0.679     1.714
 5/2021        4.698     4.702     6.918     4.966     4.467     2.675     2.245     1.987     3.330     5.245     6.514     4.505     5.519     1.732     4.757     3.766     4.161     1.094     4.249     0.288     1.447     2.263     8.208     1.663     2.868     4.601     3.411     2.780     3.297     1.706     1.101     2.146     2.640     1.801     4.140
 6/2021        4.330     2.679     3.414     2.840     1.362     0.957     0.595     0.406     2.665     1.471     3.516     1.236     5.096     0.302     2.781     1.458     1.445     0.197     1.132     0.120     0.574     0.545     4.059     0.263     0.440     2.776     0.765     1.255     1.373     0.257     0.311     0.581     0.958     0.396     2.510
 7/2021        0.880     0.355     0.511     0.501     0.262     0.255     0.224     0.208     0.458     0.285     0.460     0.246     1.575     0.149     0.501     0.321     0.330     0.125     0.224     0.108     0.143     0.150     0.561     0.206     0.160     0.408     0.203     0.245     0.236     0.136     0.124     0.150     0.210     0.218     0.484
 8/2021        0.228     0.435     0.410     0.366     0.226     0.228     0.300     0.252     0.254     0.462     0.385     0.397     0.404     0.133     0.530     0.182     0.409     0.115     0.174     0.104     0.114     0.113     0.236     0.275     0.132     0.189     0.144     0.258     0.255     0.122     0.120     0.111     0.124     0.172     0.382
 9/2021        0.173     0.228     0.544     0.684     0.190     0.188     0.158     0.187     0.320     0.311     0.337     0.480     0.325     0.181     0.569     0.138     0.259     0.108     0.135     0.103     0.313     0.243     0.165     0.322     0.182     0.229     0.188     0.211     0.218     0.124     0.309     0.102     0.134     0.173     0.456
10/2021        0.256     0.422     0.775     1.228     0.163     0.141     0.327     0.224     0.158     0.168     0.231     0.214     0.196     0.212     0.433     0.370     0.147     0.183     0.131     0.166     0.130     0.199     0.407     0.709     0.210     0.159     0.153     0.203     0.595     0.114     0.227     0.174     0.137     0.310     0.201
11/2021        0.144     0.221     0.246     0.603     0.363     0.121     0.126     0.229     0.155     0.172     0.156     0.240     0.145     0.189     0.216     0.429     0.129     0.179     0.122     0.174     0.125     0.200     0.181     0.239     0.123     0.139     0.149     0.165     0.197     0.108     0.134     0.105     0.158     0.144     0.223
12/2021        0.136     0.188     0.151     0.340     0.151     0.121     0.111     0.132     0.133     0.146     0.138     0.150     0.142     0.148     0.149     0.268     0.129     0.110     0.123     0.115     0.112     0.116     0.140     0.131     0.215     0.142     0.141     0.152     0.145     0.107     0.107     0.111     0.146     0.105     0.149
 1/2022        0.132     0.166     0.160     0.162     0.130     0.117     0.107     0.107     0.123     0.135     0.133     0.136     0.137     0.120     0.136     0.144     0.131     0.102     0.119     0.105     0.095     0.142     0.133     0.115     0.124     0.133     0.120     0.134     0.131     0.103     0.096     0.103     0.143     0.098     0.132
 2/2022        0.115     0.129     0.224     0.552     0.114     0.104     0.094     0.096     0.108     0.118     0.117     0.227     0.181     0.103     0.118     0.185     0.146     0.092     0.106     0.105     0.085     0.112     0.124     0.121     0.101     0.145     0.104     0.123     0.111     0.096     0.115     0.176     0.114     0.086     0.115
 3/2022        0.294     1.345     1.193     1.267     0.298     0.419     0.248     0.177     0.349     0.579     0.611     2.064     0.306     0.858     0.664     0.532     0.339     0.335     0.212     0.314     0.443     0.273     0.308     1.199     0.351     0.509     0.221     0.471     0.528     0.250     0.297     0.372     0.210     0.205     0.287
 4/2022        1.579     4.329     4.526     4.007     1.411     1.017     1.101     1.524     3.204     3.770     2.604     2.908     0.720     2.184     1.898     1.231     0.816     1.955     0.528     0.455     0.597     2.568     1.067     2.110     3.092     1.173     2.012     1.523     1.736     0.544     0.751     0.508     0.664     1.592     1.330
 5/2022        4.709     6.924     4.971     4.468     2.675     2.250     1.974     3.315     5.197     6.523     4.508     5.529     1.731     4.780     3.718     4.164     1.095     4.187     0.292     1.436     2.186     8.098     1.692     2.881     4.553     3.403     2.779     3.281     1.705     1.088     2.076     2.558     1.779     4.022     4.595
 6/2022        2.680     3.415     2.908     1.362     0.957     0.596     0.408     2.660     1.464     3.517     1.298     5.099     0.302     2.787     1.547     1.445     0.197     1.122     0.119     0.571     0.530     4.045     0.271     0.442     2.767     0.764     1.305     1.368     0.257     0.306     0.599     0.935     0.389     2.482     4.477
 7/2022        0.356     0.511     0.515     0.262     0.255     0.225     0.202     0.456     0.282     0.460     0.252     1.575     0.149     0.502     0.324     0.330     0.125     0.221     0.108     0.142     0.142     0.561     0.205     0.161     0.406     0.202     0.241     0.234     0.136     0.120     0.149     0.200     0.212     0.480     0.929
 8/2022        0.435     0.410     0.352     0.226     0.228     0.301     0.243     0.251     0.460     0.385     0.394     0.404     0.132     0.532     0.186     0.409     0.116     0.172     0.103     0.113     0.107     0.235     0.274     0.133     0.188     0.144     0.271     0.252     0.123     0.117     0.108     0.116     0.165     0.377     0.232
 9/2022        0.228     0.544     0.688     0.190     0.188     0.159     0.182     0.315     0.310     0.337     0.481     0.325     0.181     0.570     0.138     0.259     0.108     0.134     0.102     0.311     0.232     0.165     0.317     0.183     0.227     0.187     0.215     0.216     0.124     0.303     0.099     0.126     0.167     0.451     0.152
10/2022        0.422     0.775     1.242     0.163     0.141     0.328     0.221     0.156     0.167     0.231     0.213     0.196     0.212     0.435     0.346     0.148     0.183     0.130     0.165     0.129     0.192     0.406     0.713     0.211     0.159     0.153     0.205     0.592     0.114     0.223     0.171     0.129     0.302     0.198     0.277
11/2022        0.221     0.246     0.638     0.363     0.121     0.127     0.228     0.153     0.171     0.156     0.244     0.145     0.189     0.217     0.441     0.129     0.179     0.122     0.173     0.124     0.193     0.180     0.247     0.124     0.138     0.149     0.171     0.195     0.108     0.131     0.102     0.150     0.139     0.220     0.144
12/2022        0.188     0.151     0.348     0.151     0.121     0.112     0.131     0.131     0.145     0.138     0.151     0.142     0.148     0.149     0.280     0.129     0.110     0.122     0.116     0.111     0.110     0.140     0.133     0.216     0.141     0.140     0.154     0.143     0.107     0.104     0.109     0.138     0.100     0.147     0.136
 1/2023        0.166     0.160     0.163     0.130     0.117     0.107     0.104     0.121     0.134     0.133     0.137     0.137     0.120     0.136     0.144     0.132     0.102     0.118     0.104     0.094     0.136     0.133     0.115     0.125     0.133     0.120     0.138     0.129     0.103     0.093     0.099     0.136     0.094     0.130     0.132
 2/2023        0.129     0.224     0.555     0.114     0.104     0.094     0.094     0.106     0.117     0.117     0.222     0.181     0.103     0.119     0.181     0.146     0.092     0.105     0.106     0.084     0.107     0.124     0.121     0.101     0.145     0.104     0.124     0.110     0.096     0.112     0.173     0.107     0.082     0.114     0.115
 3/2023        1.347     1.194     1.264     0.298     0.419     0.249     0.167     0.344     0.572     0.611     2.067     0.306     0.857     0.667     0.531     0.340     0.336     0.211     0.302     0.441     0.263     0.308     1.184     0.353     0.507     0.220     0.469     0.523     0.251     0.291     0.358     0.200     0.199     0.283     0.290
 4/2023        4.330     4.526     3.878     1.411     1.017     1.103     1.506     3.177     3.750     2.605     2.826     0.721     2.184     1.901     1.145     0.816     1.957     0.526     0.451     0.595     2.516     1.066     2.047     3.104     1.166     2.010     1.509     1.732     0.544     0.747     0.482     0.653     1.559     1.309     1.585
 5/2023        6.924     4.971     4.572     2.675     2.250     1.976     3.207     5.191     6.517     4.508     5.478     1.731     4.779     3.720     4.128     1.095     4.188     0.291     1.396     2.181     8.032     1.691     2.932     4.559     3.401     2.777     3.244     1.703     1.087     2.071     2.508     1.765     3.989     4.573     4.734
 6/2023        3.415     2.908     1.366     0.957     0.596     0.408     2.736     1.463     3.516     1.298     5.152     0.302     2.787     1.548     1.536     0.197     1.122     0.119     0.599     0.529     4.035     0.271     0.454     2.768     0.763     1.305     1.423     0.256     0.306     0.597     0.966     0.382     2.475     4.471     2.687
 7/2023        0.511     0.515     0.267     0.255     0.225     0.203     0.466     0.282     0.460     0.252     1.620     0.149     0.502     0.324     0.332     0.125     0.221     0.107     0.144     0.142     0.560     0.205     0.162     0.407     0.202     0.241     0.239     0.136     0.120     0.146     0.202     0.205     0.478     0.928     0.357
 8/2023        0.410     0.352     0.222     0.228     0.301     0.244     0.255     0.459     0.385     0.394     0.402     0.132     0.532     0.186     0.412     0.116     0.172     0.103     0.111     0.107     0.235     0.273     0.133     0.188     0.144     0.271     0.248     0.122     0.117     0.106     0.115     0.158     0.376     0.232     0.436
 9/2023        0.544     0.688     0.195     0.188     0.159     0.182     0.313     0.309     0.337     0.481     0.328     0.181     0.570     0.138     0.262     0.108     0.135     0.101     0.308     0.231     0.165     0.317     0.180     0.227     0.187     0.215     0.222     0.123     0.303     0.097     0.123     0.162     0.449     0.152     0.228
10/2023        0.775     1.242     0.161     0.141     0.328     0.221     0.157     0.167     0.231     0.213     0.205     0.212     0.435     0.346     0.149     0.183     0.130     0.165     0.131     0.191     0.406     0.713     0.215     0.159     0.152     0.205     0.592     0.113     0.223     0.169     0.127     0.295     0.198     0.277     0.422
11/2023        0.246     0.638     0.366     0.121     0.127     0.229     0.151     0.170     0.156     0.244     0.145     0.189     0.217     0.441     0.129     0.179     0.122     0.172     0.124     0.192     0.180     0.247     0.125     0.138     0.149     0.171     0.200     0.107     0.131     0.101     0.150     0.135     0.217     0.144     0.221
12/2023        0.151     0.348     0.153     0.121     0.112     0.132     0.131     0.144     0.138     0.151     0.142     0.148     0.149     0.280     0.129     0.110     0.122     0.115     0.111     0.110     0.140     0.132     0.216     0.141     0.140     0.154     0.146     0.106     0.104     0.107     0.134     0.096     0.147     0.136     0.188
 1/2024        0.160     0.163     0.130     0.117     0.107     0.104     0.120     0.134     0.133     0.137     0.137     0.120     0.136     0.144     0.131     0.102     0.118     0.103     0.094     0.136     0.132     0.115     0.126     0.133     0.120     0.138     0.130     0.103     0.093     0.097     0.137     0.090     0.130     0.131     0.166
 2/2024        0.242     0.567     0.118     0.109     0.098     0.097     0.109     0.121     0.122     0.236     0.187     0.107     0.123     0.192     0.151     0.095     0.109     0.109     0.086     0.110     0.131     0.125     0.105     0.153     0.108     0.129     0.115     0.099     0.118     0.175     0.109     0.081     0.117     0.119     0.135
 3/2024        1.270     1.268     0.298     0.426     0.258     0.174     0.341     0.592     0.628     2.086     0.306     0.899     0.690     0.536     0.338     0.346     0.218     0.313     0.441     0.265     0.310     1.216     0.355     0.507     0.240     0.480     0.530     0.259     0.293     0.362     0.197     0.196     0.293     0.296     1.367
