segdesc   = MPSC2L_F
2020-08-01
 traces ->      1981      1982      1983      1984      1985      1986      1987      1988      1989      1990      1991      1992      1993      1994      1995      1996      1997      1998      1999      2000      2001      2002      2003      2004      2005      2006      2007      2008      2009      2010      2011      2012      2013      2014      2015
 8/2020       33.981    48.949    37.801    41.720    33.479    35.418    38.972    36.302    33.921    37.022    37.537    45.101    34.737    35.491    34.836    33.215    37.380    34.159    35.701    42.009    39.349    33.439    36.000    33.444    39.762    36.944    38.564    35.235    33.401    36.009    33.645    35.645    36.366    37.101    33.557
 9/2020       28.373    51.766    25.977    30.543    37.757    41.874    31.056    36.431    27.900    30.000    26.591    38.263    35.511    30.954    28.046    27.170    33.482    25.532    28.495    30.247    26.678    29.704    52.862    32.224    27.493    31.672    37.581    25.755    25.444    25.173    24.982    27.134    52.593    36.831    27.721
10/2020       30.050    36.294    25.298    31.000    65.568    52.582    25.407    29.382    28.933    46.780    24.746    27.415    32.720    28.458    33.040    35.931    40.386    33.314    27.048    27.165    25.075    38.570    35.369    31.629    41.945    52.361    37.614    25.226    27.744    27.312    27.561    25.665    50.561    48.498    25.320
11/2020       27.852    26.000    22.386    26.237    37.692    36.721    24.807    23.040    23.396    40.284    23.512    23.378    25.601    26.406    25.126    27.263    28.154    28.671    22.391    23.850    25.057    25.542    25.106    27.873    32.402    35.846    28.244    22.728    26.831    27.520    23.641    21.937    31.173    30.359    24.319
12/2020       23.322    23.296    21.909    22.589    26.311    27.901    22.365    21.347    21.303    29.280    21.808    21.882    22.238    22.571    23.370    24.034    23.065    26.862    20.853    21.563    21.913    22.345    23.613    23.008    24.631    26.520    23.000    20.819    22.173    23.759    21.226    20.655    25.222    24.133    23.349
 1/2021       21.000    21.725    22.632    20.926    23.424    23.917    20.515    19.878    19.797    24.294    19.751    20.684    20.626    20.801    20.897    21.209    21.592    23.778    21.409    20.013    20.207    20.792    21.738    24.631    22.114    24.952    20.777    19.514    20.093    21.901    20.098    19.254    23.024    22.091    22.637
 2/2021       18.299    19.445    18.029    18.618    36.175    24.079    17.804    17.262    17.865    22.256    18.040    20.161    17.848    22.842    20.827    18.327    20.231    24.786    23.804    20.996    17.502    24.057    19.000    22.246    18.943    24.483    17.903    17.999    17.342    18.933    17.715    16.784    22.950    23.477    19.816
 3/2021       30.130    32.717    18.173    31.841    70.638    29.203    27.008    48.508    29.149    32.000    30.201    36.418    37.401    53.636    31.704    39.702    34.516    35.173    27.627    32.996    21.576    35.608    52.519    26.324    27.351    62.954    18.100    40.912    21.145    34.627    37.220    24.733    25.825    42.924    22.309
 4/2021       51.877    39.809    45.528    85.218   122.482    88.691    67.947   119.281    64.645    61.353    77.754   107.352    76.559    66.974    82.314    88.679    58.267    48.947    73.523    67.608    57.519    65.678   107.673    70.000    90.686    87.546    61.122    72.738    60.306    80.426    83.774    52.405    60.355    79.554    50.197
 5/2021      169.726   138.078   450.468   337.386   325.362   297.201   144.858   195.080   121.744   175.270   199.691   291.227   210.000   211.945   309.294   325.457   185.014   211.608   208.812   272.362    75.038   176.892   229.608   267.748   216.996   233.750   270.745   265.022   112.253   165.641   120.190   122.536   245.306   190.404   106.243
 6/2021      313.074   369.660   701.225   390.292   407.774   287.611   179.612   157.003   183.651   292.551   178.326   424.458   223.318   564.091   300.138   526.931   199.478   356.036   160.350   212.670    56.053   246.291   153.156   299.631   205.088   191.043   507.913   275.000   256.424   447.032    50.189   159.808   355.514   338.373   117.874
 7/2021      176.954   214.196   330.177   120.247   165.342    94.838    70.698    65.161    72.465   134.658    67.826   195.937    68.207   502.459   118.951   187.400    95.000   217.451    48.423    59.929    22.073    69.315    55.358   117.553    74.960    66.330   221.914   140.522    75.130   217.035    22.891    54.868   108.061   101.086    44.425
 8/2021       95.677    83.859   127.935    55.289    64.492    53.179    40.851    50.209    38.950    58.886    53.000    68.947    39.600   140.469    49.810    82.083    45.090    87.240    39.774    46.990    17.953    42.327    35.911    56.629    53.231    47.309    80.142    53.405    44.690    68.614    22.590    39.832    55.512    43.817    29.181
 9/2021       68.692    36.675    63.173    48.497    55.459    36.224    35.000    30.109    28.013    32.235    38.802    50.773    31.696    57.935    33.341    51.792    27.074    41.779    28.879    28.139    17.233    52.486    31.500    32.665    34.315    38.567    41.896    32.324    25.135    36.005    17.684    50.283    42.973    30.794    21.641
10/2021       49.018    35.115    61.145    85.233    70.012    32.780    30.945    32.490    49.529    31.097    29.634    49.376    32.243    59.574    45.486    62.691    37.249    38.029    28.216    28.500    28.318    38.583    34.891    51.500    63.003    41.263    41.801    36.513    29.127    39.746    18.909    52.368    61.777    30.031    25.302
11/2021       33.601    29.913    49.778    48.550    48.122    30.968    23.645    26.020    41.751    28.537    24.741    38.407    29.382    45.043    34.343    43.573    31.043    30.439    24.544    28.064    17.260    27.373    29.985    38.596    41.796    30.979    36.260    33.656    28.756    32.983    15.875    31.012    37.782    28.047    23.719
12/2021       29.627    28.446    43.156    34.378    36.597    27.759    21.540    23.420    29.372    26.129    22.830    33.412    24.979    40.953    30.428    35.706    28.610    28.020    21.821    24.181    14.523    25.436    24.553    29.227    29.777    24.193    33.156    27.986    24.246    29.579    14.794    24.415    29.563    26.387    19.108
 1/2022       26.557    27.596    38.593    29.593    30.660    24.625    19.302    20.979    23.166    22.896    20.771    29.920    22.194    35.625    25.960    31.994    24.474    27.097    19.503    21.391    13.066    22.582    25.140    25.273    26.658    20.919    29.949    24.549    21.520    26.885    13.320    21.425    26.037    24.512    16.443
 2/2022       22.256    21.175    32.007    39.114    28.240    20.243    15.812    17.862    20.089    19.616    18.968    24.395    22.560    31.766    21.148    27.512    24.002    27.044    19.217    17.535    16.241    18.680    21.399    20.394    24.501    17.082    25.346    20.179    17.619    22.230    11.098    20.392    25.452    20.340    13.676
 3/2022       35.664    21.583    47.262    74.239    33.610    29.405    44.084    29.046    29.453    31.459    32.970    44.449    51.892    43.039    40.611    43.011    34.464    31.432    30.363    21.699    26.984    50.799    25.654    28.702    63.167    17.631    48.920    24.090    32.469    42.254    17.937    23.351    45.987    23.017    24.306
 4/2022       43.039    47.431   104.589   131.265    97.543    69.888   113.317    64.774    57.612    79.844   100.188    86.135    65.173    98.000    88.655    67.255    47.963    80.442    61.126    57.202    54.975   104.847    65.295    92.572    91.515    59.298    80.237    62.928    76.129    91.744    43.805    57.090    84.630    51.920    43.799
 5/2022      151.035   476.679   403.695   344.458   325.433   150.284   189.500   126.058   174.751   211.819   283.598   228.889   208.195   368.796   327.597   211.290   219.671   239.698   255.502    77.777   157.242   228.006   254.301   223.257   241.113   270.768   286.158   119.631   165.061   131.785   107.637   245.366   200.430   112.296   154.190
 6/2022      397.131   737.235   435.124   421.403   302.760   186.571   162.056   189.250   296.101   185.871   436.372   236.803   569.274   328.499   542.264   216.768   370.301   173.688   217.380    58.366   233.824   155.013   307.908   210.982   195.391   518.684   293.303   268.649   456.499    55.326   154.225   359.296   349.446   122.771   310.165
 7/2022      228.699   348.576   139.126   175.362   102.953    75.866    68.844    76.861   139.903    72.473   212.901    75.837   522.826   132.133   205.067   105.284   228.310    54.178    63.825    23.687    68.258    57.967   127.789    79.742    70.147   231.756   159.301    80.841   226.143    27.412    54.635   112.506   107.393    47.550   187.845
 8/2022       86.834   130.559    63.666    66.975    56.440    43.018    51.262    40.216    58.958    54.832    70.766    43.401   141.468    55.295    85.928    49.960    88.408    42.942    47.271    18.848    39.784    36.428    58.176    54.710    48.531    80.829    58.666    46.947    69.020    26.001    38.629    55.817    45.436    30.246    96.294
 9/2022       43.820    73.765    60.825    65.608    43.981    41.832    34.512    33.020    36.743    45.665    59.163    39.465    66.668    42.763    60.630    34.889    48.415    35.483    32.464    20.617    57.376    36.399    37.350    40.393    45.075    48.207    40.424    30.400    41.290    23.126    54.091    49.336    36.498    25.554    79.070
10/2022       36.631    62.360    92.247    71.897    34.866    32.377    32.862    50.443    30.920    30.567    50.214    35.118    59.776    49.961    64.547    40.904    38.466    30.250    28.397    29.198    36.487    35.142    52.572    64.073    41.958    41.930    39.647    30.622    39.750    21.518    52.210    61.793    31.001    26.035    49.166
11/2022       31.139    50.812    54.561    49.613    32.703    24.880    26.184    42.448    28.356    25.564    39.153    31.943    45.243    38.174    45.136    34.051    30.791    26.370    28.103    17.926    25.676    30.191    39.530    42.653    31.575    36.369    36.577    30.003    32.992    18.135    30.226    37.800    28.877    24.370    32.954
12/2022       29.667    44.089    38.936    37.926    29.481    22.698    23.509    30.001    25.945    23.597    33.870    27.422    41.140    33.975    36.785    31.639    28.360    23.527    24.214    15.128    23.801    24.770    29.751    30.494    24.746    33.255    30.642    25.472    29.553    16.903    23.348    29.568    27.264    19.659    28.859
 1/2023       28.728    39.425    33.556    31.867    26.217    20.358    21.029    23.732    22.722    21.466    30.299    24.423    35.791    29.130    32.919    27.181    27.410    21.046    21.367    13.611    21.084    25.341    25.635    27.274    21.415    30.040    26.895    22.618    26.853    15.227    20.341    26.035    25.319    16.928    25.808
 2/2023       22.085    32.685    41.762    29.229    21.521    16.687    17.809    20.560    19.465    19.533    24.698    24.427    31.897    23.755    28.166    26.259    27.307    20.491    17.493    16.680    17.441    21.552    20.676    24.968    17.488    25.422    22.021    18.519    22.221    12.667    19.323    25.427    20.979    14.069    21.567
 3/2023       22.523    47.961    77.276    34.624    30.765    45.215    28.286    29.980    31.223    33.551    44.040    54.502    43.141    43.708    42.672    37.044    31.731    31.734    21.195    27.425    49.110    25.816    28.668    63.879    18.040    49.043    25.674    33.470    42.167    19.570    22.428    45.919    23.676    24.605    34.665
 4/2023       48.401   105.649   136.173    99.257    71.668   114.878    63.394    58.146    79.655   100.954    85.075    67.668    98.194    92.526    66.628    50.510    80.893    62.923    56.424    55.547   102.771    65.445    90.017    92.411    59.774    80.369    63.355    77.422    91.749    45.596    54.671    84.628    52.780    44.047    40.604
 5/2023      481.555   406.144   344.374   328.391   152.428   191.063   122.611   175.619   211.925   285.967   221.647   212.770   369.276   335.915   205.277   225.221   240.330   259.064    75.766   158.476   225.582   254.901   219.583   242.388   272.058   286.538   115.052   167.011   131.813   110.166   229.396   200.346   113.184   155.621   136.635
 6/2023      740.988   435.951   426.400   303.942   187.993   162.951   190.954   296.953   185.830   438.363   242.482   575.301   328.651   547.939   222.037   374.196   173.943   219.127    60.382   234.784   153.806   308.377   214.976   195.928   520.167   293.534   275.933   459.005    55.307   156.340   366.736   349.431   123.373   312.295   397.967
 7/2023      349.366   139.473   183.602   103.511    76.749    69.366    78.686   140.245    72.353   213.420    78.540   524.954   132.201   206.720   108.404   230.050    54.302    64.534    23.939    68.503    57.264   127.901    81.190    70.449   232.117   159.351    85.009   226.887    27.355    55.700   114.669   107.392    47.987   188.398   236.672
 8/2023      130.887    63.914    69.639    56.883    43.745    51.732    40.613    59.190    54.718    70.976    43.918   142.223    55.353    86.984    51.400    89.474    43.070    47.840    18.970    39.992    35.816    58.229    55.104    48.789    80.977    58.678    48.554    69.433    25.949    39.483    56.541    45.434    30.627    96.467    88.851
 9/2023       74.002    61.035    65.662    44.361    42.487    34.917    32.527    36.934    45.557    59.340    39.597    67.269    42.810    61.505    35.429    49.289    35.592    32.920    20.440    57.602    35.859    37.392    40.262    45.293    48.314    40.430    31.513    41.622    23.083    54.961    48.718    36.498    25.887    79.173    44.068
10/2023       62.574    92.479    74.400    35.207    32.918    33.229    50.409    31.074    30.483    50.365    35.330    60.342    50.006    65.382    41.066    39.286    30.346    28.826    29.466    36.664    34.644    52.614    64.957    42.146    42.028    39.654    31.483    40.059    21.474    52.964    62.112    30.999    26.368    49.218    36.503
11/2023       50.999    54.722    51.615    32.999    25.383    26.500    43.333    28.501    25.479    39.279    32.332    45.695    38.216    45.844    34.576    31.434    26.456    28.444    18.154    25.824    29.744    39.566    43.620    31.727    36.455    36.585    30.898    33.243    18.094    30.760    38.357    28.881    24.670    32.991    30.977
12/2023       44.260    39.075    39.364    29.771    23.178    23.819    30.471    26.087    23.516    33.984    27.676    41.570    34.016    37.445    32.198    29.033    23.611    24.580    15.225    23.936    24.343    29.783    30.921    24.919    33.337    30.648    26.300    29.818    16.862    23.857    29.542    27.265    19.933    28.892    29.314
 1/2024       39.579    33.680    32.861    26.482    20.798    21.315    23.871    22.859    21.391    30.404    24.587    36.181    29.166    33.525    27.508    28.048    21.124    21.701    13.614    21.205    24.933    25.665    27.525    21.573    30.115    26.901    23.470    27.100    15.188    20.818    25.901    25.316    17.178    25.838    28.738
 2/2024       34.013    44.284    31.046    22.465    17.703    18.758    21.341    20.318    20.250    25.637    25.319    33.565    24.588    29.747    27.386    28.882    21.369    18.390    17.219    18.276    22.031    21.397    25.966    18.222    26.616    22.775    19.793    23.229    13.063    20.491    26.234    21.848    14.811    22.428    22.703
 3/2024       48.754    79.525    35.446    31.784    46.969    29.205    30.029    31.929    35.363    44.809    54.702    43.932    45.357    44.401    37.230    32.727    32.388    21.882    27.428    50.924    25.446    29.035    64.347    18.474    49.710    26.001    34.202    44.067    20.251    22.758    45.935    23.617    25.299    34.856    22.261
 4/2024      109.829   137.495   100.948    73.597   117.410    65.048    58.242    83.736   103.608    86.722    67.665   100.752    94.371    68.822    50.650    85.995    66.083    57.424    55.635   105.106    67.238    93.167    92.982    62.814    83.027    65.465    78.324    92.730    46.515    56.719    84.724    55.431    45.687    42.161    47.945
 5/2024      419.664   353.176   331.090   158.413   196.584   126.793   176.220   216.139   297.702   230.404   213.342   378.188   346.716   214.342   226.263   246.347   265.726    78.359   158.954   229.028   266.135   224.355   242.915   285.766   294.652   122.606   168.434   132.651   113.518   245.351   200.591   116.033   163.659   150.597   481.367
 6/2024      427.977   426.249   305.646   187.518   159.962   190.122   298.087   182.792   436.274   237.837   576.901   328.245   549.296   218.585   375.526   168.183   214.047    58.857   235.308   151.252   303.529   211.917   196.635   521.118   294.195   271.805   461.015    54.182   155.165   358.841   349.805   120.786   316.124   397.872   741.480
 7/2024      136.319   177.993   104.611    73.365    68.911    77.512   141.118    71.381   205.922    76.432   525.703   127.839   199.777   106.577   231.002    53.771    63.158    24.050    68.887    56.740   122.963    80.473    71.007   222.868   153.108    82.599   227.885    27.466    55.270   112.469   107.798    47.572   183.374   228.912   349.768
 8/2024       63.023    68.714    57.547    43.961    51.415    40.537    59.501    55.408    70.341    43.777   142.478    54.919    85.280    50.856    89.844    43.645    47.878    19.129    40.201    35.714    57.432    55.135    49.105    79.326    57.866    48.277    69.978    26.197    38.717    55.794    45.548    30.377    95.280    86.683   131.022
 9/2024       62.133    67.099    44.815    42.657    35.260    33.209    37.053    44.547    59.018    39.685    67.368    43.021    61.578    35.561    49.475    35.486    32.735    20.825    57.697    36.512    37.817    40.624    45.465    48.100    40.385    31.402    41.972    23.276    56.311    49.223    36.492    25.828    77.802    43.571    74.013
10/2024       92.087    73.278    35.571    32.669    33.099    50.587    31.138    30.366    50.001    35.273    60.384    49.947    64.672    41.533    39.410    30.453    28.904    29.354    36.703    34.168    51.811    64.284    42.253    42.017    39.638    31.484    40.337    21.483    51.202    61.640    30.952    26.449    48.058    36.357    62.534
11/2024       53.530    50.783    33.316    25.412    26.518    42.562    28.547    25.497    38.919    32.077    45.728    38.267    45.249    34.538    31.526    26.506    28.368    18.048    25.845    29.676    38.841    42.803    31.812    36.341    36.422    30.751    33.472    18.164    30.132    37.671    28.834    24.478    32.812    30.909    50.955
12/2024       38.843    38.962    30.079    23.252    23.910    30.098    26.128    23.540    33.884    27.550    41.608    33.928    37.272    32.153    29.134    23.766    24.513    15.240    23.957    24.255    29.450    30.631    24.993    33.322    30.547    26.238    30.058    16.948    23.610    29.457    27.215    19.783    28.851    29.418    44.225
 1/2025       33.607    32.787    26.757    20.876    21.428    23.815    22.893    21.436    30.342    24.535    36.207    29.200    33.425    27.634    28.139    21.278    21.693    13.714    21.224    24.931    25.471    27.402    21.640    30.101    26.865    23.320    27.318    15.278    20.690    25.926    25.266    17.098    25.832    28.476    39.540
 2/2025       43.025    30.015    21.936    17.186    18.224    20.627    19.609    19.644    24.743    24.519    32.261    23.811    28.706    26.650    27.937    20.852    17.786    16.765    17.558    21.317    20.560    25.088    17.676    25.744    21.992    19.102    22.571    12.693    19.784    25.334    20.936    14.289    21.671    21.905    32.778
 3/2025       79.196    35.475    31.239    47.026    29.446    30.058    31.401    35.436    44.798    54.594    43.576    45.397    44.417    37.486    32.417    32.624    21.961    27.515    49.273    25.561    28.899    64.063    18.232    49.778    26.063    34.207    42.652    20.375    22.717    45.812    23.628    25.270    34.918    22.318    48.060
 4/2025      136.984   100.581    72.331   117.290    65.296    58.254    79.846   103.779    86.653    67.774    98.836    94.507    68.876    50.945    81.839    66.423    57.565    55.668   103.000    67.362    92.806    92.555    60.009    83.301    65.576    78.399    92.270    46.810    56.291    84.519    52.722    45.698    42.289    48.052   105.811
 5/2025      352.288   330.082   153.153   196.388   126.736   175.854   212.145   297.408   229.863   213.050   370.043   346.181   213.523   226.068   241.392   265.549    78.062   158.691   225.922   265.811   223.586   242.565   272.810   294.158   122.415   168.095   132.223   113.648   244.007   200.174   113.138   163.357   150.227   480.893   406.476
 6/2025      425.262   304.633   188.395   159.842   189.760   297.125   185.969   435.688   237.264   575.768   328.975   548.490   217.932   374.678   174.478   213.776    58.530   234.926   153.927   302.986   211.160   196.014   520.701   293.635   271.004   459.967    55.489   154.949   358.096   349.270   123.349   315.274   396.663   740.804   436.070
 7/2025      177.321   103.958    77.049    68.651    77.124   140.295    72.443   205.483    76.028   525.078   132.408   199.282   106.065   230.319    54.694    62.847    23.842    68.559    57.323   122.563    79.854    70.510   232.257   152.586    82.132   227.304    27.593    55.012   112.117   107.327    47.957   182.661   228.283   349.260   139.514
