segdesc   = NAVC2H_F
2018-11-30
 traces ->      1981      1982      1983      1984      1985      1986      1987      1988      1989      1990      1991      1992      1993      1994      1995      1996      1997      1998      1999      2000      2001      2002      2003      2004      2005      2006      2007      2008      2009      2010      2011      2012      2013      2014      2015
12/2018        1.527     1.466     1.466     1.466     1.502     1.466     1.466     1.466     1.466     1.466     1.466     1.466     1.466     1.466     1.480     1.466     1.466     1.466     1.466     1.466     1.466     1.466     1.466     1.466     1.475     1.489     1.466     1.466     1.466     1.466     1.467     1.466     1.466     1.466     1.466
 1/2019        1.504     1.361     1.369     1.361     1.533     1.439     1.366     1.361     1.361     1.361     1.361     1.361     1.361     1.390     1.398     1.376     1.485     1.368     1.436     1.395     1.363     1.377     1.440     1.418     1.780     1.421     1.375     1.361     1.429     1.361     1.373     1.459     1.399     1.365     1.439
 2/2019        1.346     1.158     1.211     1.158     1.347     1.514     1.604     1.166     1.205     1.202     1.337     1.240     1.159     1.217     1.860     1.868     1.357     1.243     1.516     1.489     1.358     1.274     1.279     1.296     1.571     1.330     1.506     1.158     1.585     1.158     1.428     1.257     1.355     1.518     1.809
 3/2019        1.966     2.097     2.289     2.389     3.512     3.319     2.518     2.363     4.454     2.956     1.792     2.558     3.183     3.573     5.227     2.769     4.027     2.722     2.264     2.540     3.117     1.967     2.437     4.262     2.961     2.599     4.412     2.621     4.633     2.174     3.746     3.202     2.915     2.709     3.724
 4/2019        4.575     6.174     3.684     4.590    10.611     7.865     6.682     4.837     8.659     7.095     5.220     6.382     8.941     7.377     6.109     4.707     5.291     4.308     4.625     6.325     7.805     3.847     4.020     6.064     8.996     7.449     5.940    11.247     8.265     7.998     6.536     6.310     4.251     3.720     3.255
 5/2019        8.593    16.458    11.174    17.854    25.971    14.172    13.272     8.451    12.309    11.711    13.151    15.713    27.410    17.504    16.547    13.762    17.929    12.826    12.805    13.736    25.239     5.604     9.811    15.196    31.043    14.206    13.409    25.504    26.135    14.183    11.870    11.061     9.585     7.698    10.799
 6/2019        8.162    23.783    22.743    19.302    31.042    18.049    13.170    15.108    10.661    16.260    23.040    11.706    30.053    16.966    27.990     7.024    19.526    12.098    14.502     7.188    13.551     2.883     6.078     9.447    30.097     8.448    11.128    34.311    17.936    20.022    18.940     4.394    10.038     8.958    21.905
 7/2019        4.400    14.987    13.694     6.706    11.085     8.219     3.870     5.357     3.538     6.698    10.875     3.728    10.156     3.942    19.169     3.197     5.860     6.024     6.270     2.165     3.353     1.441     2.015     2.733    10.832     3.667     3.400    11.338     5.856     5.300     5.836     2.055     3.950     2.518     5.498
 8/2019        3.167     9.048     4.475     6.733     6.735     4.123     3.597     3.726     2.626     5.139     6.109     5.133     8.910     3.435     6.780     2.178     7.245     2.682     7.057     1.733     3.125     1.254     1.878     2.067     4.525     4.103     2.569     3.670     2.514     3.331     3.471     1.589     3.012     1.770     2.518
 9/2019        3.582     8.184     2.229     3.999     6.500     6.983     2.261     2.974     2.474     3.285     3.936     3.746     8.646     5.002     4.890     2.455     6.159     1.994     3.485     1.571     2.050     1.165     3.399     2.702     2.882     3.977     3.233     3.438     3.143     3.190     3.226     1.930     5.118     1.408     2.196
10/2019        4.170     3.816     3.053     3.945     7.474     7.994     1.824     2.102     3.273     4.325     2.199     2.001     3.131     2.600     3.513     2.339     5.803     2.353     2.159     2.567     1.891     1.692     1.796     2.746     4.564     7.480     3.629     3.018     2.695     2.226     4.823     1.498     3.667     2.103     1.921
11/2019        2.341     2.755     1.920     2.554     3.378     3.749     2.231     1.542     1.796     3.186     2.008     1.783     2.372     2.555     2.217     2.050     2.751     2.844     1.674     1.875     1.826     1.440     1.702     2.357     2.692     2.898     1.690     2.605     2.372     2.016     2.432     1.318     2.004     1.425     2.167
12/2019        1.553     2.214     1.789     2.052     2.521     2.403     1.673     1.638     1.576     2.029     1.866     1.633     2.209     2.009     2.127     1.745     2.086     2.198     1.605     1.536     1.678     1.140     1.650     1.714     2.241     1.916     2.046     2.192     1.917     1.930     1.851     1.262     1.680     1.328     1.921
 1/2020        1.348     2.037     1.666     2.014     2.591     1.992     1.482     1.413     1.465     1.677     1.698     1.501     2.205     1.792     1.939     1.608     1.863     1.773     1.523     1.437     1.576     1.111     1.391     2.017     2.142     1.711     1.507     2.117     1.736     1.700     1.842     1.199     1.514     1.296     1.742
 2/2020        1.180     1.869     1.467     1.812     3.154     2.591     1.345     1.313     1.342     1.769     1.647     1.335     1.994     2.706     2.581     1.491     1.705     1.956     1.627     1.421     1.528     1.037     1.353     1.784     2.073     1.930     1.299     2.313     1.526     1.762     1.595     1.230     1.861     1.667     1.611
 3/2020        2.205     3.353     2.778     5.412     9.506     6.112     2.700     4.927     3.107     2.268     3.352     3.659     5.814     9.168     3.497     5.728     4.184     2.926     2.706     3.416     2.509     2.153     4.817     3.420     3.617     8.504     3.242     5.763     2.742     4.396     4.349     2.625     3.360     3.554     2.204
 4/2020        7.892     7.540     7.232    17.457    20.225    17.966     6.241    14.105     7.829     9.352    13.076    11.072    14.971    11.205     7.353     9.602     9.064     7.446     7.284    10.695     4.887     3.789     7.726    12.376    11.057    11.099    12.522    10.503    10.133     8.136    11.608     3.707     6.970     3.411     6.777
 5/2020       22.982    23.923    31.371    39.076    30.700    28.523    12.165    18.157    13.986    23.750    29.432    34.191    30.349    25.810    18.510    29.644    25.473    24.095    14.578    32.620     6.680    11.577    20.903    38.197    19.134    21.014    28.030    32.013    18.500    16.437    16.974     8.238    14.498    12.454    12.586
 6/2020       28.695    36.685    27.972    42.856    37.314    25.737    19.160    13.742    15.606    32.933    19.507    34.671    24.303    40.557     6.039    30.898    18.921    26.122     4.953    18.030     3.037     8.544    13.712    38.078     8.737    16.683    32.655    18.556    22.110    22.251     7.673     8.223    13.839    21.582    11.179
 7/2020       16.002    20.130     9.303    15.890    16.504     7.456     6.903     4.398     5.884    14.305     6.395    11.371     5.009    26.467     3.408     8.914     8.415    11.241     2.022     4.004     1.628     2.307     3.468    14.894     4.122     4.600     9.482     5.966     5.589     6.199     2.677     3.471     3.419     5.081     5.469
 8/2020        9.259     5.812     8.044     7.778     5.937     5.001     4.055     2.979     5.104     6.820     6.869     9.382     4.222     8.764     2.518     8.753     3.369     8.310     1.712     3.477     1.430     1.923     2.274     4.988     4.616     3.015     3.511     2.727     3.581     3.750     1.941     2.667     2.149     2.402     3.584
 9/2020        8.470     3.030     4.391     7.124     8.466     2.947     3.178     2.784     3.305     4.383     4.556     8.992     5.879     5.570     2.734     6.926     2.502     3.990     1.588     2.274     1.329     3.455     3.055     3.030     4.426     3.827     3.388     3.364     3.360     3.402     2.323     4.732     1.708     2.128     3.949
10/2020        3.794     3.478     4.456     8.081    10.151     2.487     2.174     3.627     4.282     2.506     2.498     3.284     3.147     3.769     2.605     6.438     3.005     2.480     2.541     2.094     1.871     1.748     3.000     4.777     7.964     4.183     2.994     2.895     2.390     5.066     1.795     3.444     2.534     1.859     4.543
11/2020        2.874     2.406     2.942     3.649     4.506     2.920     1.662     2.006     3.098     2.319     2.236     2.493     3.017     2.532     2.323     3.115     3.389     1.986     1.828     2.018     1.588     1.696     2.517     2.807     3.114     1.962     2.547     2.550     2.156     2.494     1.588     1.861     1.691     2.086     2.559
12/2020        2.306     2.257     2.416     2.766     3.011     2.230     1.770     1.769     2.009     2.150     2.052     2.325     2.424     2.434     1.949     2.399     2.639     1.911     1.522     1.858     1.269     1.634     1.869     2.341     2.146     2.345     2.164     2.080     2.080     1.954     1.521     1.552     1.581     1.865     1.721
 1/2021        2.131     2.106     2.319     2.832     2.544     1.992     1.533     1.645     1.673     1.967     1.895     2.319     2.154     2.228     1.810     2.147     2.169     1.812     1.426     1.745     1.240     1.381     2.154     2.237     1.930     1.739     2.104     1.886     1.839     1.952     1.453     1.397     1.545     1.667     1.501
 2/2021        1.887     1.792     2.029     3.193     3.096     1.738     1.373     1.438     1.711     1.824     1.624     2.011     3.044     2.843     1.618     1.893     2.244     1.837     1.366     1.619     1.110     1.304     1.827     2.055     2.079     1.454     2.211     1.602     1.829     1.626     1.394     1.668     1.845     1.511     1.270
 3/2021        3.466     3.330     5.972     9.897     7.257     3.327     5.101     3.259     2.264     3.690     4.195     5.954    10.231     3.909     6.050     4.543     3.424     3.052     3.394     2.638     2.294     4.811     3.557     3.678     9.007     3.498     5.710     2.798     4.592     4.540     2.898     3.208     3.899     2.145     2.307
 4/2021        7.696     8.252    18.920    20.820    19.862     7.398    14.711     8.187     9.271    13.950    12.222    15.382    12.294     8.013    10.064     9.644     8.471     8.124    10.615     5.175     3.973     7.865    12.754    11.377    11.571    13.213    10.402    10.442     8.432    11.997     4.087     6.673     3.816     6.665     7.730
 5/2021       24.270    33.233    40.411    31.016    29.628    13.698    18.579    14.513    23.696    30.318    36.343    30.001    27.101    19.057    30.331    25.920    25.639    15.322    32.349     6.926    11.911    21.098    39.538    19.433    21.415    29.306    31.780    18.435    16.737    17.204     9.049    13.640    13.564    12.490    23.493
 6/2021       36.863    28.538    43.181    37.297    26.062    20.153    13.886    15.939    32.923    19.749    35.299    24.999    41.212     6.240    31.113    19.628    26.691     5.170    17.980     3.306     8.720    13.767    38.578     9.046    16.832    33.178    18.519    22.634    22.423     7.749     8.726    14.160    22.387    11.140    28.880
 7/2021       20.156     9.483    15.953    17.354     7.629     7.234     4.447     6.058    14.298     6.503    11.489     5.236    26.638     3.589     8.978     8.879    11.424     2.172     3.992     1.744     2.377     3.459    14.940     4.199     4.696     9.564     5.954     5.764     6.262     2.725     3.673     3.402     5.214     5.429    16.649
 8/2021        5.835     8.270     7.834     5.831     5.172     4.335     3.020     5.192     6.810     6.999     9.493     4.285     8.839     2.679     8.830     3.514     8.493     1.850     3.466     1.531     1.987     2.262     5.001     4.672     3.102     3.557     2.719     3.671     3.815     1.984     2.816     2.130     2.486     3.549     9.562
 9/2021        3.051     4.540     7.183     8.648     3.090     3.413     2.822     3.359     4.379     4.658     9.085     5.945     5.640     2.890     6.989     2.614     4.107     1.716     2.265     1.418     3.537     3.044     3.036     4.396     3.916     3.422     3.356     3.480     3.454     2.368     4.911     1.668     2.204     3.916     8.518
10/2021        3.499     4.603     8.140    10.276     2.606     2.373     3.672     4.410     2.503     2.573     3.333     3.170     3.830     2.748     6.496     3.038     2.583     2.694     2.086     1.978     1.801     2.990     4.787     8.111     4.269     3.028     2.887     2.462     5.137     1.833     3.583     2.481     1.929     4.506     3.984
11/2021        2.423     3.087     3.679     4.698     3.057     1.842     2.034     3.254     2.316     2.308     2.533     3.105     2.581     2.480     3.152     3.551     2.078     1.951     2.010     1.680     1.744     2.506     2.813     3.242     2.029     2.577     2.544     2.229     2.535     1.622     1.955     1.665     2.162     2.532     2.901
12/2021        2.274     2.535     2.795     3.071     2.341     1.959     1.795     2.082     2.147     2.118     2.363     2.459     2.482     2.080     2.433     2.769     2.000     1.630     1.850     1.357     1.680     1.858     2.347     2.195     2.424     2.192     2.074     2.138     1.991     1.554     1.635     1.549     1.927     1.697     2.338
 1/2022        2.122     2.432     2.861     2.542     2.091     1.698     1.669     1.725     1.965     1.956     2.358     2.200     2.272     1.929     2.178     2.244     1.896     1.527     1.738     1.315     1.423     2.140     2.242     1.967     1.800     2.132     1.880     1.886     1.988     1.484     1.473     1.499     1.727     1.478     2.151
 2/2022        1.806     2.121     3.224     3.268     1.824     1.517     1.459     1.747     1.822     1.676     2.044     3.006     2.898     1.719     1.919     2.311     1.919     1.455     1.612     1.180     1.340     1.816     2.059     2.104     1.505     2.238     1.598     1.866     1.656     1.422     1.736     1.823     1.563     1.251     1.894
 3/2022        3.354     6.207    10.013     7.320     3.470     5.406     3.289     2.276     3.686     4.299     6.055    10.368     3.978     6.281     4.590     3.453     3.162     3.519     2.629     2.346     4.879     3.539     3.685     8.981     3.590     5.762     2.791     4.600     4.593     2.937     3.300     3.745     2.203     2.279     3.423
 4/2022        8.293    19.368    20.922    19.064     7.580    15.209     8.257     9.332    13.944    12.437    15.554    12.029     8.069    10.343     9.726     7.992     8.267    10.915     5.169     3.992     7.966    12.715    11.410    11.224    13.435    10.505    10.425     8.392    12.072     4.135     6.874     3.733     6.800     7.676     7.164
 5/2022       33.284    40.639    31.049    30.349    13.825    18.818    14.580    23.234    30.312    36.540    30.082    26.862    19.101    30.580    25.985    25.568    15.422    32.770     6.920    11.519    21.221    39.546    19.448    21.619    29.457    31.876    18.424    16.561    17.239     9.098    13.845    12.951    12.616    23.421    23.604
 6/2022       28.551    43.228    37.309    25.853    20.225    13.989    15.961    32.828    19.747    35.343    25.024    40.871     6.268    31.191    19.649    26.958     5.223    18.053     3.301     9.279    13.803    38.584     9.049    17.074    33.221    18.539    22.628    22.570     7.770     8.752    14.265    22.700    11.193    28.859    37.401
 7/2022        9.491    15.973    17.363     8.039     7.295     4.527     6.071    14.981     6.502    11.508     5.255    27.383     3.618     9.027     8.894    11.947     2.221     4.026     1.739     2.440     3.477    14.938     4.202     4.800     9.588     5.966     5.761     6.599     2.744     3.694     3.438     5.341     5.471    16.638    20.906
 8/2022        8.280     7.855     5.836     5.160     4.396     3.096     5.205     7.062     6.997     9.511     4.306     8.966     2.704     8.889     3.526     8.654     1.896     3.500     1.527     2.018     2.278     4.998     4.675     3.185     3.578     2.729     3.668     3.822     2.002     2.834     2.159     2.490     3.577     9.549     6.022
 9/2022        4.547     7.201     8.658     3.156     3.468     2.893     3.369     4.429     4.657     9.102     5.967     5.665     2.914     7.041     2.625     4.172     1.757     2.290     1.414     3.584     3.062     3.034     4.404     3.873     3.442     3.366     3.477     3.513     2.385     4.932     1.694     2.186     3.944     8.505     2.867
10/2022        4.609     8.160    10.285     2.604     2.423     3.750     4.420     2.540     2.572     3.342     3.186     4.024     2.770     6.544     3.051     2.651     2.740     2.108     1.974     1.888     3.006     4.785     8.115     4.397     3.046     2.896     2.459     5.190     1.848     3.601     2.511     1.907     4.539     3.976     3.728
11/2022        3.094     3.691     4.704     3.085     1.887     2.091     3.263     2.329     2.307     2.541     3.122     2.598     2.507     3.185     3.566     2.107     1.993     2.031     1.676     1.773     2.521     2.811     3.244     2.061     2.593     2.552     2.227     2.621     1.637     1.969     1.688     2.158     2.552     2.892     2.438
12/2022        2.541     2.807     3.075     2.358     2.008     1.849     2.089     2.166     2.117     2.371     2.472     2.495     2.102     2.465     2.780     2.025     1.668     1.870     1.354     1.718     1.870     2.345     2.197     2.438     2.208     2.082     2.135     2.023     1.568     1.648     1.572     1.903     1.714     2.331     2.283
 1/2023        2.437     2.873     2.545     2.100     1.740     1.721     1.731     1.974     1.955     2.366     2.211     2.282     1.949     2.207     2.253     1.920     1.562     1.756     1.312     1.457     2.152     2.240     1.969     1.819     2.148     1.887     1.884     2.008     1.497     1.484     1.520     1.731     1.494     2.145     2.128
 2/2023        2.126     3.242     3.283     1.803     1.554     1.503     1.752     1.837     1.675     2.051     3.021     2.876     1.736     1.945     2.320     1.929     1.486     1.629     1.177     1.342     1.826     2.057     2.106     1.517     2.255     1.604     1.864     1.674     1.434     1.747     1.845     1.540     1.264     1.888     1.811
 3/2023        6.219    10.065     7.333     3.441     5.491     3.363     2.282     3.615     4.298     6.078    10.412     3.992     6.323     4.639     3.462     3.141     3.570     2.652     2.342     4.852     3.552     3.682     8.984     3.381     5.793     2.800     4.597     4.470     2.955     3.315     3.777     2.167     2.295     3.414     3.323
 4/2023       19.389    20.959    19.075     7.339    15.294     8.341     9.347    13.251    12.435    15.585    12.060     7.978    10.386     9.799     8.004     7.989    10.999     5.194     3.990     7.869    12.750    11.409    11.228    13.205    10.540    10.448     8.389    12.069     4.150     6.899     3.762     6.412     7.705     7.149     8.343
 5/2023       40.646    31.059    30.352    13.739    18.856    14.656    23.266    30.597    36.538    30.093    26.877    18.995    30.602    26.021    25.589    15.480    32.843     6.935    11.516    21.205    39.599    19.447    21.621    28.843    31.895    18.438    16.559    17.238     9.111    13.865    13.004    12.587    23.515    23.587    33.426
 6/2023       43.230    37.313    25.855    20.131    14.012    15.995    32.838    20.017    35.342    25.029    40.877     6.443    31.201    19.665    26.963     5.550    18.073     3.314     9.277    14.024    38.594     9.048    17.075    33.703    18.547    22.633    22.568     7.911     8.761    14.273    22.729    11.462    28.889    37.396    28.603
 7/2023       15.973    17.367     8.041     7.594     4.550     6.104    14.984     6.645    11.508     5.259    27.387     3.628     9.036     8.909    11.951     2.251     4.042     1.751     2.438     3.507    14.940     4.201     4.801    10.160     5.974     5.765     6.597     2.771     3.703     3.444     5.352     5.473    16.645    20.903     9.505
 8/2023        7.856     5.838     5.161     4.496     3.118     5.238     7.064     6.887     9.511     4.311     8.969     2.665     8.899     3.539     8.659     1.912     3.515     1.538     2.016     2.342     4.999     4.674     3.185     3.640     2.736     3.672     3.821     2.016     2.842     2.165     2.499     3.579     9.556     6.019     8.288
 9/2023        7.201     8.662     3.157     3.501     2.913     3.396     4.431     4.851     9.102     5.972     5.667     2.951     7.051     2.637     4.175     1.741     2.303     1.424     3.582     3.022     3.035     4.402     3.874     3.457     3.373     3.480     3.512     2.387     4.941     1.699     2.195     3.996     8.512     2.865     4.551
10/2023        8.161    10.289     2.605     2.505     3.773     4.450     2.542     2.602     3.342     3.190     4.026     2.793     6.553     3.065     2.655     2.752     2.121     1.985     1.886     3.042     4.786     8.114     4.397     3.031     2.902     2.463     5.189     1.869     3.609     2.516     1.915     4.556     3.979     3.726     4.614
11/2023        3.691     4.706     3.085     1.907     2.108     3.289     2.330     2.311     2.541     3.126     2.600     2.485     3.191     3.583     2.110     2.045     2.042     1.687     1.772     2.572     2.812     3.244     2.062     2.630     2.558     2.230     2.620     1.646     1.975     1.692     2.167     2.600     2.895     2.436     3.098
