segdesc   = NVRN5L_F
2018-05-31
 traces ->      1981      1982      1983      1984      1985      1986      1987      1988      1989      1990      1991      1992      1993      1994      1995      1996      1997      1998      1999      2000      2001      2002      2003      2004      2005      2006      2007      2008      2009      2010      2011      2012      2013      2014      2015
 6/2018       10.000     7.960    20.903    37.047     8.673    19.439    12.113    15.161     8.389    10.703    23.180    15.510    10.544    19.736    27.706    20.766    31.593     8.804    11.571     6.984     8.692     6.242    10.537     8.829     9.102     7.945     7.316     8.426    23.941     8.104     7.006     5.354     5.705     6.857    47.767
 7/2018       20.830     4.820     7.461     3.784     5.136    15.376     3.205     4.647     4.382    20.921    11.378    12.783     0.903     2.749    15.166     9.037     6.873    13.554    22.325     1.512     4.192     2.878     1.446     4.301     2.199    23.469     4.005     7.442     4.593     7.132     6.000    12.018    10.007     4.868     8.257
 8/2018       26.337    33.327    23.945    37.561    25.000    20.061    24.072    39.048    26.919    29.212    29.593    40.103    46.532    24.104    32.929    18.477    36.268    24.067    61.693    18.049    30.107    15.963    18.962    16.565    20.513    41.986    29.179    23.942    16.179    27.678    20.987    15.742    26.105    19.081    19.549
 9/2018       22.531    41.654    15.141    26.890    44.159    34.605    16.496    25.246    21.333    25.000    42.162    27.469    44.110    33.236    24.366    23.495    56.204    16.308    48.024    14.721    15.066    22.658    36.454    32.319    19.713    33.281    26.102    24.470    16.501    27.360    18.867    15.649    60.521    18.999    17.981
10/2018       45.975    21.523    27.934    41.829    56.191    47.093    13.368    19.350    23.365    30.112    15.343    14.590    18.688    22.000    18.997    21.301    45.018    31.717    17.603    23.952    11.808    20.189    16.073    28.154    36.723    91.918    24.806    17.015    16.443    19.524    37.348    10.698    32.087    25.834    14.102
11/2018       24.123    22.702    15.703    24.341    28.701    44.685    29.712    19.159    13.474    28.437    25.988    15.327    17.212    30.430    13.687    23.114    24.441    43.352    14.400    20.000    11.693    23.589    18.993    25.824    17.745    35.890    13.624    16.171    14.434    14.491    21.161    11.441    24.136    16.109    15.395
12/2018       14.499    17.594    12.932    27.500    18.872    23.344    15.000    14.868    11.302    16.820    16.014    12.896    14.188    19.748    11.836    21.595    16.898    27.007    13.424    13.046    11.182    13.924    17.549    17.290    12.961    19.556    34.949    13.299    10.888    18.094    14.774    10.472    17.184    14.007    15.320
 1/2019       13.508    16.655    11.293    27.323    18.770    18.248    11.668    14.032    11.609    13.227    13.280    17.687    13.252    16.157    11.967    18.581    16.617    16.899    15.910    13.263    10.813    12.833    15.223    43.025    12.562    17.837    24.900    14.224    11.455    14.137    16.379    16.231    15.000    15.384    13.483
 2/2019       14.935    19.388    14.295    29.156    43.316    31.996    14.230    19.347    11.839    20.699    22.599    23.434    18.660    39.689    20.876    21.694    18.428    21.523    16.082    17.872    10.379    16.101    17.912    76.705    11.628    36.285    18.881    23.426    10.558    18.125    19.000    16.130    21.124    26.868    12.204
 3/2019       73.651    60.311    56.223   158.738   110.541    93.512    44.233    78.996    34.005    57.060    75.256   141.041    51.044   188.525    29.777   142.765    51.669    41.648    35.239    64.957    18.366    43.887    87.941   128.182    27.591   120.432    93.000    51.743    44.866    44.329    53.904    33.421    52.230    54.000    25.643
 4/2019      110.000   113.652   107.176   264.927   270.247   200.279    73.483   188.603    98.983   102.746   194.573   250.634   135.773   159.125    55.489   186.837   106.630    90.566    98.942   173.302    34.965    58.370   180.944   241.668   105.808   130.263   246.116    90.390   167.577    99.465   116.160    46.568    98.356    46.816    57.029
 5/2019      253.077   230.000   305.454   434.071   291.176   321.458   109.015   216.918   179.025   201.761   279.533   394.560   252.956   288.837   148.716   360.185   244.660   229.180   150.468   396.307    40.318   140.744   256.078   462.107   177.781   260.884   319.292   305.201   157.399   151.092   159.408    81.014   167.835   137.506   121.297
 6/2019      267.200   370.241   291.161   462.437   396.745   304.855   178.044   132.488   166.719   300.339   148.608   358.246   186.386   411.293    42.290   370.397   180.000   296.181    42.298   171.469    20.273    95.917   114.635   380.791    53.135   141.487   331.007   147.862   194.838   227.956    54.059    71.697   167.277   199.016   106.078
 7/2019       93.237   170.635    68.788   103.929   143.003    62.081    35.000    19.339    51.592    89.131    39.306    79.132    19.343   234.799    27.526    68.462    54.602   129.425     1.935    20.243    13.737     3.683    15.267    94.471    27.598    19.819    67.971    19.509    25.662    39.737    24.463    28.566    16.552    33.440    33.929
 8/2019       57.098    46.850    54.955    35.862    28.692    30.271    45.010    22.561    30.000    34.723    44.810    66.173    13.857    63.589    18.183    54.963    20.803   106.392    17.917    35.143    11.758    19.615     4.301    30.146    42.700    33.575    26.552     3.757    35.236    11.116    16.520    26.858    10.808     6.726    28.232
 9/2019       75.423    14.211    37.483    67.132    49.278    15.723    30.000    15.768    25.600    62.300    34.830    68.527    36.466    33.437    24.360    83.120    12.116    68.281    15.574     9.941    18.754    40.167    31.304    25.453    36.492    26.329    31.358    20.082    37.053    11.626    17.476    69.366    13.417     8.343    24.166
10/2019       47.259    52.322    66.666   109.423    86.103    19.004    30.898    33.829    48.617    22.260    18.979    32.363    30.886    34.404    26.340    80.354    45.570    25.833    29.852    14.587    20.236    19.886    44.375    74.913   119.403    38.680    27.702    23.272    30.936    54.688    14.990    41.318    43.369    17.681    62.759
11/2019       38.460    29.491    39.095    52.986    70.156    46.449    26.621    21.726    39.371    37.417    26.012    32.255    41.254    27.369    26.194    42.331    58.990    22.487    25.785    20.809    22.153    23.541    41.658    38.919    43.858    21.608    31.109    21.066    24.094    30.092    14.550    27.506    24.558    20.691    30.195
12/2019       29.507    24.902    40.283    35.292    37.647    26.057    19.977    17.924    23.374    24.701    21.865    28.332    27.871    24.856    24.996    29.674    38.373    20.826    16.816    20.504    11.739    21.924    25.544    27.140    23.695    46.498    26.529    16.895    27.322    21.635    13.839    19.247    20.330    20.722    17.580
 1/2020       26.022    20.937    40.224    32.017    27.821    19.898    17.402    16.567    17.366    19.585    25.929    24.659    21.708    23.038    19.871    27.002    23.633    21.955    15.629    18.560     9.897    17.768    54.408    23.861    19.923    31.969    25.085    16.084    20.598    21.798    18.435    15.649    20.067    17.173    14.943
 2/2020       30.225    23.396    39.550    66.290    45.583    23.585    22.876    16.733    25.277    30.310    32.264    31.208    49.793    33.964    22.905    28.274    28.923    21.759    20.019    17.247    13.850    21.595    88.592    21.817    39.392    25.175    36.444    14.778    25.176    24.598    18.686    23.249    31.887    15.680    16.751
 3/2020       79.946    76.956   189.815   144.884   117.494    57.070    89.186    40.533    63.894    92.069   171.861    74.260   210.497    43.550   145.927    73.611    53.408    45.380    68.587    26.681    40.211    95.399   144.620    41.571   127.467   113.289    73.598    54.156    56.007    66.798    35.829    55.173    64.845    29.435    76.442
 4/2020      138.965   136.061   307.131   312.971   242.404    94.990   204.356   117.105   115.500   229.849   284.349   176.032   182.678    78.581   190.906   135.968   111.836   118.985   180.842    44.524    53.644   193.845   262.548   140.893   138.311   266.691   118.230   186.422   119.074   140.376    49.287   100.271    56.457    69.975   117.680
 5/2020      284.459   384.690   470.891   323.730   349.191   144.035   230.424   204.180   228.398   307.499   435.690   294.957   319.645   182.580   379.937   279.343   272.934   164.802   416.953    51.627   143.422   273.744   497.555   205.466   270.545   356.367   355.241   181.689   179.705   186.999    90.273   181.317   160.586   137.388   272.047
 6/2020      395.192   310.045   481.967   418.753   321.789   199.259   137.862   176.104   312.028   153.870   375.972   195.744   438.189    51.796   382.485   186.460   315.874    43.235   177.858    24.164    87.114   117.765   398.239    59.442   141.826   338.186   160.804   203.633   240.879    58.807    76.180   163.958   208.086   110.140   278.060
 7/2020      179.846    75.214   113.256   149.287    64.094    39.064    21.681    57.129    92.227    43.979    87.077    23.951   245.525     8.185    73.976    60.695   137.713     0.000    22.264    17.544     3.393    16.056   103.026    28.964    20.939    71.853    25.712    29.344    43.828    10.589    31.253    17.093    36.158    37.827    94.522
 8/2020       53.406    64.183    41.436    34.898    36.138    56.361    26.288    35.589    38.457    53.841    76.091    20.295    71.905     3.622    61.981    25.727   121.679     1.838    40.136    16.051    21.458     5.044    34.780    35.632    37.837    29.631     6.101    36.830    14.380    18.073    30.745    11.611     8.376    25.807    64.514
 9/2020       20.965    42.760    74.749    57.460    18.251    36.426    17.943    30.984    69.379    38.480    76.458    41.998    39.664    27.491    91.092    15.186    75.026     8.302    11.343    24.310    41.937    36.983    28.632    37.116    29.450    35.217    10.983    40.624    14.787    19.699    77.561    18.842    10.219    26.142    83.093
10/2020       50.762    69.948   110.529    88.959    20.603    32.553    34.306    48.648    22.189    20.127    33.182    31.593    31.135    29.387    80.329    48.427    25.933    31.824    14.822    22.370    18.621    43.827    75.624   126.622    37.792    28.702    23.080    31.395    56.512    15.460    42.182    39.155    13.362    63.681    45.740
11/2020       30.631    40.825    53.787    71.830    48.151    28.159    22.039    39.417    38.094    26.791    33.010    45.384    27.740    30.953    42.375    62.694    23.226    26.480    21.051    24.961    22.472    40.892    39.427    45.572    21.724    31.340    23.942    24.701    31.487    15.565    28.158    24.106    21.306    30.141    38.544
12/2020       26.075    43.796    35.948    38.727    26.907    21.730    18.107    23.621    24.562    22.801    28.921    31.103    25.193    28.658    29.570    38.471    21.498    17.904    20.587    14.262    20.754    26.751    27.466    26.065    45.908    26.682    19.404    28.346    22.933    14.954    19.658    19.991    21.268    17.959    28.714
 1/2021       22.161    40.127    32.646    29.949    20.875    19.003    16.843    17.810    20.122    26.844    25.182    24.074    23.318    23.314    26.871    25.413    22.637    16.715    18.624    12.404    16.620    53.618    24.159    22.423    31.607    25.646    18.503    21.360    23.399    19.825    16.028    21.295    17.447    15.060    25.874
 2/2021       23.729    40.420    62.551    45.467    23.655    23.932    15.987    25.214    29.380    32.345    29.983    53.360    33.481    25.405    27.245    29.919    21.749    20.493    16.620    15.583    20.004    86.066    21.003    41.655    24.262    35.893    16.188    25.082    25.466    18.752    22.378    29.412    15.611    16.573    29.047
 3/2021       80.077   194.077   143.633   119.767    59.136    93.082    40.610    64.765    92.111   174.115    75.271   219.295    43.929   154.893    71.804    55.100    46.353    70.452    26.097    43.478    92.661   144.299    41.356   132.915   112.152    74.346    55.013    57.356    69.008    37.092    55.097    64.254    29.991    76.423    79.027
 4/2021      139.350   310.129   311.853   245.015    96.943   208.458   114.967   116.693   230.608   287.315   173.434   187.322    78.816   198.297   132.388   114.713   119.730   184.298    44.472    57.299   191.376   262.893   139.429   142.059   266.248   118.808   194.460   120.659   141.614    50.757   100.996    56.252    70.752   118.062   138.249
 5/2021      386.628   473.737   322.185   350.295   145.111   232.258   203.017   229.924   307.882   436.379   290.972   322.886   183.016   385.343   274.003   275.415   165.344   419.754    51.208   147.221   272.445   498.012   205.952   273.963   356.661   355.723   181.599   181.168   188.185    90.954   174.771   160.839   138.103   273.499   284.061
 6/2021      310.555   482.433   417.965   322.215   199.301   138.897   178.327   312.127   153.840   377.421   202.345   439.267    51.878   384.122   192.580   316.707    43.523   178.305    24.765    88.965   117.132   398.100    61.640   142.977   338.104   161.134   210.534   241.439    59.400    76.556   172.332   207.944   110.307   278.453   394.770
 7/2021       75.547   113.303   157.775    64.415    39.897    22.043    58.100    92.097    43.812    87.052    25.542   246.033     8.181    74.551    62.380   138.491     0.000    22.312    17.515     3.571    15.434   102.780    27.388    21.915    71.627    25.667    30.816    43.957    11.167    31.493    17.724    35.839    37.794    94.447   178.955
 8/2021       64.585    41.446    34.986    36.412    56.853    26.779    35.538    38.396    53.672    76.048    20.354    72.370     3.557    62.766    26.429   122.808     1.924    40.201    16.011    22.306     4.446    34.538    37.199    38.920    29.355     6.005    37.385    14.409    17.750    30.981    12.058     8.026    25.316    64.377    52.972
 9/2021       42.939    74.721    57.330    18.381    36.684    18.119    29.359    69.254    38.196    76.334    41.722    39.945    26.335    91.802    15.143    75.619     8.544    11.221    23.756    43.140    36.261    28.308    36.318    30.204    34.865    10.815    42.241    14.703    20.154    77.779    14.571     9.795    26.163    82.871    20.527
10/2021       70.582   110.689    89.529    20.886    32.881    34.706    49.842    22.194    20.029    33.202    31.713    31.492    29.434    81.038    45.521    26.539    32.013    14.887    22.757    19.342    43.328    75.496   127.098    38.675    28.562    23.454    32.567    56.791    15.851    42.535    43.275    13.181    63.618    45.717    50.507
11/2021       41.302    53.856    73.688    48.560    28.457    22.283    40.325    38.170    26.687    32.994    46.116    28.022    30.992    42.771    63.065    23.688    26.678    21.065    24.997    23.201    40.410    39.283    47.401    22.425    31.171    23.901    25.820    31.581    15.938    28.356    24.428    21.064    30.094    38.470    30.383
12/2021       44.424    36.145    39.637    27.259    22.177    18.453    24.069    24.687    22.805    29.015    31.397    25.616    28.809    30.086    40.898    22.092    18.147    20.739    14.443    21.575    26.484    27.459    26.627    47.391    26.638    19.483    29.160    23.108    15.360    19.948    20.186    21.118    18.028    28.746    25.968
 1/2022       40.662    32.830    29.343    21.150    19.398    17.190    17.938    20.216    26.835    25.263    24.689    23.721    23.441    27.388    25.568    23.197    16.944    18.768    12.338    17.323    52.886    24.153    22.698    32.712    25.601    18.594    22.168    23.581    20.344    16.295    19.925    17.408    15.112    25.895    22.060
 2/2022       40.980    62.826    46.989    23.956    24.385    16.331    24.927    29.548    32.317    30.080    52.630    33.933    25.531    27.777    29.700    22.296    20.740    16.753    15.408    20.690    85.113    20.999    41.744    25.183    35.819    16.276    25.843    25.642    19.315    22.668    30.900    15.539    16.607    29.060    23.625
 3/2022      195.452   143.980   120.423    59.769    94.140    41.179    64.112    92.453   173.976    75.423   221.339    44.419   155.250    72.789    54.590    47.153    71.079    26.261    43.003    94.479   143.535    41.345   131.890   115.081    74.250    55.270    57.707    69.332    37.937    55.529    62.875    29.884    76.184    79.041    79.797
 4/2022      310.998   312.253   234.434    97.344   209.280   115.667   118.218   230.923   287.374   173.622   181.825    79.173   198.543   133.416   109.634   120.459   184.995    44.846    56.128   192.967   262.168   139.419   137.776   269.733   118.769   194.977   120.227   141.883    51.214   101.466    56.784    70.652   118.146   138.213   139.140
 5/2022      474.143   322.311   358.024   145.358   232.579   203.493   221.523   307.996   436.450   291.059   322.592   183.295   385.475   274.493   269.621   165.788   420.075    51.277   140.475   273.241   497.422   205.948   273.815   357.521   355.867   181.727   176.384   188.311    91.229   175.073   155.686   138.014   273.900   284.144   386.508
 6/2022      482.585   418.057   319.984   199.765   139.130   178.527   314.004   153.905   377.416   202.392   434.295    52.094   384.171   192.843   319.166    43.867   178.418    24.817    96.470   117.486   397.954    61.635   147.433   338.400   160.935   210.591   245.574    59.483    76.779   172.507   211.074   110.253   278.504   394.804   310.487
 7/2022      113.415   157.864    69.680    39.836    22.272    58.360    97.615    43.867    87.042    25.586   255.690     8.462    74.598    62.626   143.663     0.000    22.407    17.569     3.609    15.715   102.704    27.375    22.660    71.882    25.638    30.863    46.537    11.254    31.793    17.841    37.363    37.737    94.449   178.964    75.486
 8/2022       41.550    35.067    36.415    57.089    27.050    35.789    39.950    53.734    76.032    20.404    73.203     3.819    62.822    26.656   123.645     2.296    40.316    16.062    21.708     4.701    34.461    37.184    39.394    29.587     5.976    37.428    15.438    17.766    31.254    12.174     8.335    25.264    64.374    52.981    64.523
 9/2022       74.834    57.422    19.124    36.865    18.317    29.572    69.202    38.245    76.316    41.767    37.833    27.010    91.862    15.339    77.112     8.841    11.308    23.819    43.508    36.548    28.237    36.311    29.975    35.086    10.788    42.274    15.153    20.212    78.194    14.678     9.820    26.121    82.875    20.532    42.885
10/2022      110.788    89.652    20.718    33.025    34.930    50.055    22.790    20.063    33.193    31.756    35.426    29.612    81.084    45.838    27.447    32.356    14.969    22.811    19.643    43.607    75.417   127.078    39.742    28.757    23.431    32.599    57.123    15.907    42.796    43.397    13.031    63.560    45.716    50.512    70.514
11/2022       53.947    73.803    49.175    28.604    22.448    40.513    38.031    26.723    32.985    46.174    28.235    31.270    42.804    63.460    23.875    27.019    21.140    25.095    23.209    40.660    39.230    47.398    22.464    31.345    23.877    25.854    32.379    15.999    28.604    24.519    21.205    30.055    38.462    30.386    41.231
12/2022       36.243    39.708    27.666    22.327    18.611    24.218    25.162    22.835    29.003    31.446    25.718    29.123    30.120    41.150    22.148    18.434    20.811    14.510    21.616    26.698    27.407    26.624    47.830    26.812    19.459    29.198    23.527    15.424    20.178    20.273    21.155    17.994    28.734    25.972    44.356
 1/2023       32.944    29.399    21.177    19.532    17.360    18.064    19.958    26.878    25.254    24.726    23.853    23.694    27.423    25.739    23.190    17.227    18.838    12.402    17.453    53.363    24.104    22.693    32.982    25.776    18.570    22.201    23.881    20.410    16.466    20.016    17.644    15.079    25.877    22.064    40.594
 2/2023       62.969    47.062    22.551    24.545    16.479    25.114    29.440    32.378    30.064    52.697    33.669    25.838    27.812    29.872    22.254    21.135    16.823    15.473    19.417    85.690    20.958    41.729    24.568    36.067    16.255    25.877    25.462    19.384    22.884    31.013    15.349    16.577    29.032    23.627    40.919
 3/2023      144.135   120.529    60.613    94.505    41.427    64.545    89.642   174.163    75.410   221.478    44.553   156.040    72.844    54.753    44.843    71.835    26.351    43.143    93.505   144.072    41.288   131.874   108.115    74.625    55.195    57.764    67.749    38.028    55.817    63.037    29.615    76.102    78.994    79.784   195.302
 4/2023      312.459   234.486    95.930   209.423   115.948   118.604   226.566   287.487   173.620   181.873    77.869   198.824   133.460   109.863   118.178   185.601    44.919    56.204   191.383   262.701   139.360   137.771   270.979   119.097   194.914   120.302   142.751    51.301   101.655    56.866    67.214   118.025   138.164   139.113   310.910
 5/2023      322.377   358.064   141.207   232.682   203.678   221.715   309.307   436.499   291.052   322.625   182.700   385.624   274.517   269.832   166.317   420.327    51.322   140.530   272.847   497.793   205.909   273.809   349.927   356.025   181.707   176.416   188.843    91.273   175.222   155.791   136.741   273.803   284.183   386.506   474.098
