segdesc   = GJNC2L_F
2018-05-31
 traces ->      1981      1982      1983      1984      1985      1986      1987      1988      1989      1990      1991      1992      1993      1994      1995      1996      1997      1998      1999      2000      2001      2002      2003      2004      2005      2006      2007      2008      2009      2010      2011      2012      2013      2014      2015
 6/2018       17.312    18.203    22.019    58.790    18.251    19.036    19.582    17.477    18.058    18.194    18.616    19.059    20.030    17.755    21.296    19.048    25.825    20.032    20.485    19.000    19.949    17.373    18.797    18.034    20.698    18.177    18.227    19.004    20.778    19.510    17.910    17.071    17.529    18.681    22.787
 7/2018       11.954    10.105    14.664    15.713    10.600    12.150    11.101    12.141    10.020    11.116    11.119    13.071    11.092    10.517    16.437    11.008    10.995    10.058    11.000    10.509    10.908    10.758    10.010    10.718    10.849    11.263    10.068    10.370    10.916    10.977    12.030    11.439    11.101    10.429    11.351
 8/2018       19.309    23.330    21.583    28.866    18.095    18.816    20.339    18.707    19.377    19.000    18.091    22.254    18.108    17.505    19.647    17.718    25.139    17.901    24.758    18.096    19.113    17.939    17.996    18.387    19.606    24.674    19.366    18.655    18.456    23.039    18.263    18.935    23.099    22.130    17.998
 9/2018       34.089    48.826    33.606    41.517    39.656    44.720    35.330    44.852    32.716    32.138    37.313    35.233    34.384    34.227    34.307    35.000    42.948    32.388    40.159    34.328    32.989    36.211    42.451    44.260    32.620    39.621    46.569    33.932    32.944    33.210    33.985    32.809    50.231    37.541    33.064
10/2018       60.827    57.718    45.612    62.261    82.185    76.276    44.616    50.188    45.682    50.000    45.850    44.709    51.341    47.034    52.021    52.983    67.391    45.341    47.061    46.538    44.556    53.624    48.384    58.753    56.228    89.798    66.590    45.635    45.594    46.436    47.945    44.384    70.760    58.468    45.550
11/2018       44.730    45.361    37.784    44.479    49.702    55.370    39.962    36.064    34.504    40.345    37.596    40.088    37.167    35.941    36.182    42.531    43.884    38.735    34.326    35.443    35.277    39.800    35.034    47.487    41.046    55.843    44.825    34.455    35.769    39.460    36.866    33.374    44.440    38.752    39.000
12/2018       32.808    32.559    30.846    32.052    35.562    38.377    30.958    29.023    27.252    30.000    29.816    29.993    28.321    28.056    29.294    36.756    32.767    32.243    27.666    27.679    27.539    30.469    29.002    32.896    29.693    35.794    33.091    27.658    27.989    37.467    28.886    27.161    32.620    28.939    31.755
 1/2019       26.921    27.261    25.528    27.124    28.983    29.815    25.000    24.390    22.931    24.265    24.462    25.701    23.963    23.856    24.443    28.274    27.529    26.452    24.359    23.543    23.070    24.738    24.405    39.570    25.416    29.599    26.924    23.929    23.323    32.168    24.730    23.074    27.189    24.164    28.247
 2/2019       24.673    26.155    22.062    24.574    41.709    34.221    22.076    22.484    20.471    22.556    22.280    28.170    21.321    29.394    31.292    25.982    26.594    27.874    28.227    22.947    20.461    24.494    21.989    35.669    22.507    33.033    25.000    25.801    20.450    26.099    22.651    21.334    29.080    26.173    25.123
 3/2019       49.786    57.178    31.125    50.363    98.056    50.119    35.669    58.212    33.293    38.308    49.236    63.383    42.711    70.524    42.210    56.375    41.000    37.804    36.386    35.815    27.203    37.230    58.109    49.887    34.258    96.566    34.073    50.148    26.492    45.692    40.886    34.237    40.497    38.579    32.082
 4/2019       83.141   106.815    91.000   214.168   228.567   134.768    74.353   130.138    69.901    76.698   139.885   204.770    98.959   107.891    83.817   139.411   109.249    60.786    71.505    74.598    67.966    75.105   146.943   199.030   135.836   156.725    82.538    99.762    81.672   115.921    88.233    63.527    89.672    65.108    79.216
 5/2019      207.078   341.493   428.338   439.523   333.922   256.136   133.827   141.936    84.169   150.862   209.219   555.130   180.438   365.134   201.644   408.546   283.393   166.394   141.368   191.205    61.518   184.890   202.029   438.403   205.000   210.199   344.586   269.980   167.888   268.322    91.687   125.136   218.311   132.386    97.114
 6/2019      193.703   462.033   468.275   278.516   230.900   132.780   113.507    75.211    63.180   157.618   113.584   415.742   111.470   459.543   112.723   351.625   198.186   188.048    69.246    98.586    25.242   167.885    78.493   282.903   104.192   107.693   370.525   140.000   181.053   343.563    20.059    73.697   184.476   129.281    59.397
 7/2019       96.739   191.744   156.452    75.420    82.135    45.687    34.334    23.555    20.003    59.712    40.594   138.779    24.542   269.462    32.561    97.798    68.169    87.443    15.484    21.214    10.429    30.416    23.157    86.383    25.286    31.750   118.023    61.061    39.000   125.489    12.905    20.661    37.235    34.352    19.092
 8/2019       49.515    74.005    78.120    42.627    37.911    37.505    25.694    25.117    22.311    30.115    36.695    57.353    22.758    79.187    24.088    63.362    35.470    49.283    21.528    26.929    16.669    23.441    25.803    47.334    33.000    30.971    51.878    30.470    37.327    43.971    20.168    27.989    36.445    23.269    22.398
 9/2019       73.665    61.128    73.838    66.464    68.688    50.934    56.581    40.888    36.117    49.959    49.460    68.977    42.876    65.029    43.923    74.676    47.566    54.997    40.415    41.459    36.474    55.085    57.120    56.057    49.355    61.914    56.947    44.368    44.486    53.613    35.738    59.467    52.000    38.209    37.885
10/2019       74.725    70.567    95.835   121.798   109.708    59.199    60.876    55.057    55.272    56.877    57.978    87.376    57.017    83.759    64.507   104.762    61.453    58.723    53.339    53.471    54.607    58.831    74.339    84.564   109.162    85.415    67.279    58.079    58.212    67.959    47.966    82.366    75.867    51.165    67.062
11/2019       60.241    62.010    73.313    76.160    78.461    55.789    45.462    43.992    46.264    48.911    54.057    67.064    45.947    61.438    53.383    70.305    55.007    45.488    42.664    44.464    42.181    44.969    62.517    65.072    69.684    59.404    54.510    48.737    51.737    55.042    37.493    53.586    51.529    46.183    52.179
12/2019       44.454    52.544    55.546    56.032    54.864    44.680    37.536    35.855    34.714    40.027    42.504    55.211    36.892    51.798    47.369    53.704    47.249    37.935    34.105    35.811    32.489    38.227    44.144    50.136    45.677    44.176    46.042    39.297    49.306    45.234    30.912    39.728    39.636    38.035    38.370
 1/2020       37.813    44.847    47.955    46.894    43.948    37.002    31.968    30.681    28.237    33.539    36.845    48.326    31.799    44.548    37.114    45.904    39.368    33.769    29.270    30.470    26.332    32.700    50.756    44.012    38.069    36.446    40.558    33.380    42.490    39.530    26.374    33.520    33.650    33.859    31.371
 2/2020       35.163    38.022    41.822    62.049    47.533    31.866    28.514    26.760    25.657    29.704    37.616    41.775    36.916    50.695    32.909    42.080    39.005    36.638    27.532    26.353    25.590    28.820    44.775    38.245    40.713    32.761    40.513    28.529    34.107    34.921    23.794    34.813    34.469    29.675    27.875
 3/2020       68.447    46.849    73.230   130.558    62.291    45.762    64.794    40.358    40.044    59.345    74.410    68.263    79.154    59.641    64.908    60.703    50.528    43.373    39.255    32.336    36.819    69.224    57.022    50.953   113.779    40.799    67.805    33.804    53.500    58.131    35.208    44.159    51.144    34.931    51.971
 4/2020      133.942   123.065   275.454   273.598   175.248    92.246   146.023    82.627    80.186   165.279   229.213   149.195   124.734   125.911   154.174   151.462    80.651    91.432    80.443    77.833    77.300   174.325   223.847   184.747   175.447    94.160   132.143   101.404   139.995   122.612    64.771   104.018    81.081    91.336    87.464
 5/2020      408.102   541.963   505.553   376.679   288.521   162.701   156.730    97.138   169.083   240.424   604.195   234.439   409.149   259.856   448.252   344.210   209.385   169.213   209.564    69.951   196.123   222.504   472.004   240.926   225.500   398.351   329.158   201.476   320.664   111.707   129.691   244.778   155.491   106.332   218.827
 6/2020      482.172   503.394   299.998   243.895   145.542   124.900    80.796    70.414   164.585   121.036   435.341   129.922   483.611   132.306   367.157   213.244   209.244    73.788   104.941    27.977   159.724    81.196   293.987   114.761   110.686   384.145   158.557   191.194   357.185    26.188    76.040   184.717   140.024    63.273   200.387
 7/2020      193.740   162.339    84.499    87.717    50.516    37.857    25.870    22.381    60.378    44.643   145.929    32.625   271.223    39.480   103.058    74.602    92.414    17.069    22.949    11.756    29.738    25.089    91.391    31.401    33.563   118.501    70.566    41.758   127.078    15.973    21.678    39.362    36.863    20.672   100.694
 8/2020       76.536    85.125    49.843    43.779    42.849    29.818    27.936    24.894    31.783    40.538    61.747    31.040    81.312    30.831    67.740    41.865    53.969    24.337    29.646    18.856    24.307    28.389    51.158    40.069    32.935    54.798    37.011    41.689    47.155    24.654    29.883    38.872    25.920    23.840    52.147
 9/2020       63.130    77.741    71.957    77.382    54.540    61.135    43.105    38.262    51.273    51.860    71.500    51.356    66.468    50.683    77.048    52.824    58.394    43.005    43.315    38.995    55.736    60.706    58.316    56.389    65.208    59.151    49.218    47.223    56.146    40.303    60.727    54.111    40.403    38.812    74.983
10/2020       71.973    99.818   127.483   111.503    62.372    63.432    56.669    57.959    57.334    59.913    89.119    64.734    84.507    70.454   106.388    66.277    61.365    55.690    54.680    56.800    58.421    76.009    86.235   116.179    86.281    68.848    62.175    60.711    69.755    52.258    82.942    76.540    53.306    68.518    75.047
11/2020       63.309    76.104    79.995    80.902    58.741    48.029    45.275    47.735    49.284    55.947    68.363    52.381    62.003    59.089    71.409    59.140    47.864    44.660    45.427    43.853    44.732    63.312    66.308    72.949    59.419    55.604    52.346    53.465    56.343    41.369    53.824    52.105    48.015    52.404    60.367
12/2020       53.561    58.111    59.507    57.221    47.181    39.904    37.036    36.193    40.159    43.901    56.393    43.032    52.354    51.944    54.694    50.871    40.187    35.972    36.693    33.909    37.966    45.054    51.236    49.161    44.980    47.116    42.639    51.616    46.408    34.569    39.900    40.422    39.852    38.632    44.517
 1/2021       45.737    50.398    49.993    46.389    39.289    34.156    31.755    29.700    33.753    38.216    49.392    37.440    45.121    41.178    46.794    42.802    35.961    31.027    31.274    27.670    32.450    52.099    45.014    41.390    37.198    41.676    36.413    43.622    40.686    29.743    33.668    34.430    35.203    31.642    37.860
 2/2021       37.610    42.555    61.921    48.183    32.771    29.448    26.711    26.103    28.939    37.709    41.271    41.021    49.898    35.311    41.437    40.643    37.368    28.167    26.134    25.998    27.733    44.045    37.677    42.526    32.441    40.077    30.134    34.283    34.693    25.791    33.478    34.095    30.064    27.298    33.791
 3/2021       47.835    75.994   130.264    64.794    48.077    67.678    40.245    41.435    59.486    75.858    68.670    86.748    60.422    69.986    60.414    54.167    45.495    41.062    32.394    38.257    68.941    58.042    50.978   118.344    41.565    69.037    35.964    55.215    59.441    38.401    44.376    51.928    36.522    52.130    68.064
 4/2021      124.629   280.883   276.963   178.805    96.072   150.607    82.678    82.564   165.743   232.365   146.547   133.219   126.809   162.025   146.848    85.048    95.221    83.856    78.067    79.763   173.863   225.722   181.123   180.087    95.558   134.128   101.962   143.766   124.108    69.785   101.769    81.875    94.083    88.099   124.834
 5/2021      544.267   509.477   377.160   291.489   166.132   159.727    98.399   172.220   241.583   609.905   233.407   422.299   260.674   459.308   341.522   214.993   172.097   214.029    70.474   199.707   222.734   475.092   243.536   230.084   401.210   330.857   200.629   325.302   113.119   136.099   236.131   156.881   108.095   221.130   393.159
 6/2021      504.141   300.852   249.202   146.394   126.080    82.036    71.681   165.552   121.054   436.585   134.817   488.547   132.304   370.128   219.167   211.274    74.890   106.045    29.229   161.086    80.897   294.249   118.655   112.295   384.578   158.814   199.981   358.368    26.765    78.135   193.382   140.302    63.917   200.988   494.048
 7/2021      161.927    84.526    91.306    50.733    38.382    26.354    23.229    60.216    43.954   145.623    34.003   272.713    39.275   103.624    77.436    93.090    17.576    23.146    11.902    29.871    24.666    90.802    32.105    34.281   117.944    70.230    44.481   126.856    16.301    22.557    39.883    36.508    20.700    99.943   200.693
 8/2021       84.785    49.957    44.879    43.175    30.088    28.154    24.932    31.682    40.083    61.442    31.026    82.266    30.567    68.358    42.401    54.740    24.607    29.630    18.862    24.256    27.845    50.748    40.043    33.628    54.391    36.834    42.570    46.934    24.697    30.495    38.961    25.713    23.667    51.589    78.576
 9/2021       77.595    72.261    74.850    55.005    61.725    43.448    38.350    51.393    51.534    71.386    51.367    67.459    50.602    77.707    52.800    59.219    43.432    43.451    38.969    55.812    60.308    58.092    55.772    66.113    58.956    49.212    48.043    56.123    40.448    61.661    53.636    40.358    38.929    74.650    63.078
10/2021       99.848   128.037   115.321    62.937    64.087    57.177    57.737    57.592    59.744    89.131    64.907    85.731    70.494   107.235    66.178    62.301    56.257    54.993    57.122    58.581    75.776    86.174   116.662    87.402    68.807    62.336    61.264    69.901    52.537    84.132    77.118    53.426    68.968    74.898    71.862
11/2021       76.275    80.507    82.939    59.454    48.763    45.881    48.466    49.676    55.921    68.522    53.006    63.162    59.290    72.200    59.496    48.853    45.317    45.862    44.229    44.992    63.234    66.402    74.898    60.435    55.717    52.622    54.710    56.623    41.742    54.851    52.511    48.279    52.906    60.363    63.214
12/2021       58.270    59.984    58.793    47.828    40.609    37.616    36.693    40.526    43.893    56.547    43.451    53.452    52.139    55.433    51.396    41.127    36.590    37.112    34.357    38.221    45.001    51.332    49.917    45.973    47.234    42.909    52.228    46.676    34.932    40.822    40.548    40.108    39.081    44.523    53.651
 1/2022       50.541    50.420    47.335    39.857    34.799    32.285    30.022    34.086    38.206    49.532    37.772    46.122    41.344    47.456    43.006    36.847    31.591    31.669    28.013    32.682    52.047    45.100    41.873    38.077    41.784    36.658    45.005    40.931    30.074    34.509    34.477    35.432    32.046    37.865    45.842
 2/2022       42.674    62.366    49.007    33.238    29.985    27.156    26.185    29.217    37.692    41.386    40.806    50.890    35.446    42.001    40.801    38.149    28.645    26.462    26.130    27.924    44.002    37.750    42.794    33.165    40.164    30.337    34.824    34.898    26.066    34.200    34.092    30.257    27.636    33.794    37.623
 3/2022       76.151   130.821    65.705    48.660    68.515    40.792    41.391    59.865    75.798    68.815    86.569    61.513    70.182    61.166    53.760    46.377    41.658    32.744    38.151    69.271    57.990    51.053   117.151    42.416    69.169    36.185    55.478    59.732    38.713    45.210    50.229    36.732    52.628    68.070    47.671
 4/2022      281.141   277.493   170.520    96.727   151.692    83.264    82.176   166.573   232.277   146.743   128.972   127.972   162.255   147.958    82.011    96.271    84.721    78.626    76.822   174.378   225.586   181.330   177.955    96.756   134.296   102.277   140.265   124.419    70.158   103.363    81.505    94.359    88.930   124.796   124.590
 5/2022      509.687   377.561   297.516   166.650   160.330    98.887   167.033   241.987   609.988   233.589   412.618   261.584   459.507   342.422   210.834   172.859   214.802    70.765   190.795   223.101   474.957   243.646   229.237   402.844   331.023   200.914   312.088   113.306   136.444   237.845   154.202   108.260   222.145   393.333   542.491
 6/2022      300.935   249.429   147.425   126.407    82.382    72.005   168.473   121.240   436.613   134.907   487.181   132.890   370.223   219.524   213.338    75.343   106.364    29.378   170.718    81.052   294.202   118.705   115.482   385.207   158.873   200.121   368.794    26.872    78.315   194.096   140.725    64.036   201.296   494.187   501.167
 7/2022       84.581    91.496    52.912    38.645    26.607    23.439    63.411    44.087   145.627    34.054   281.543    39.737   103.685    77.706    97.139    17.895    23.363    11.952    31.323    24.740    90.795    32.138    36.076   118.294    70.274    44.588   132.922    16.370    22.697    40.217    38.667    20.795   100.081   200.693   160.606
 8/2022       50.006    45.051    43.615    30.329    28.373    25.091    32.269    40.172    61.445    31.081    84.835    30.936    68.416    42.637    56.210    24.914    29.843    18.937    24.440    27.915    50.740    40.075    34.597    54.682    36.871    42.674    48.194    24.783    30.639    39.209    25.760    23.748    51.691    78.564    84.574
 9/2022       72.304    75.012    55.630    61.971    43.675    38.513    51.466    51.633    71.429    51.419    67.899    50.997    77.758    53.008    59.811    43.755    43.652    39.093    55.781    60.387    58.092    55.803    65.197    59.212    49.247    48.136    56.341    40.540    61.802    53.879    40.620    39.013    74.755    63.066    77.562
10/2022      128.090   115.489    63.238    64.308    57.407    57.949    57.788    59.841    89.130    64.957    86.195    70.901   107.288    66.385    62.676    56.581    55.186    57.279    58.990    75.847    86.164   116.702    88.354    69.055    62.371    61.354    70.124    52.629    84.276    77.385    53.317    69.066    75.005    71.854    99.828
11/2022       80.545    83.082    59.738    48.961    46.097    48.668    49.712    56.018    68.521    53.051    63.416    59.689    72.242    59.697    49.008    45.625    46.037    44.384    45.088    63.297    66.395    74.931    61.702    55.941    52.656    54.797    56.939    41.833    54.964    52.731    48.327    52.989    60.468    63.209    76.256
12/2022       60.023    58.919    48.220    40.795    37.821    36.879    40.763    43.980    56.546    43.493    53.649    52.515    55.473    51.582    41.239    36.877    37.275    34.499    38.334    45.051    51.326    49.942    46.321    47.447    42.941    52.317    46.980    35.017    40.926    40.754    40.016    39.156    44.612    53.648    58.243
 1/2023       50.454    47.444    40.148    34.967    32.474    30.191    34.202    38.285    49.531    37.810    46.227    41.663    47.492    43.172    36.840    31.854    31.820    28.142    32.794    52.093    45.094    41.895    38.362    41.981    36.687    45.081    41.120    30.152    34.602    34.666    35.627    32.113    37.947    45.839    50.520
 2/2023       62.399    49.104    33.349    30.125    27.316    26.329    29.196    37.760    41.385    40.841    50.151    35.709    42.032    40.946    37.963    28.872    26.588    26.240    27.781    44.039    37.744    42.812    33.169    40.347    30.361    34.884    35.052    26.131    34.281    34.259    30.015    27.692    33.862    37.621    42.661
 3/2023      130.864    65.817    48.034    68.724    40.980    41.563    56.835    75.893    68.813    86.614    61.746    70.547    61.204    53.923    45.881    41.928    32.885    38.284    68.054    58.030    51.048   117.180    41.892    69.396    36.211    55.555    57.851    38.788    45.299    50.444    36.634    52.697    68.186    47.664    74.510
 4/2023      277.532   170.654    94.710   151.874    83.463    82.400   163.674   232.467   146.743   129.015   122.840   162.689   148.006    82.177    91.146    85.005    78.822    77.081   168.777   225.703   181.317   177.986    95.610   134.551   102.330   140.352   122.176    70.240   103.465    81.746    90.581    89.033   124.950   124.566   268.701
 5/2023      377.594   297.614   163.146   160.460    99.037   167.256   241.045   610.225   233.591   412.685   263.600   459.874   342.457   211.031   173.226   215.050    70.864   191.070   223.774   475.053   243.636   229.254   388.137   331.217   200.943   312.172   116.404   136.528   237.947   154.415   108.086   222.236   393.599   542.494   503.735
