segdesc   = GRNU1L_F
2018-05-31
 traces ->      1981      1982      1983      1984      1985      1986      1987      1988      1989      1990      1991      1992      1993      1994      1995      1996      1997      1998      1999      2000      2001      2002      2003      2004      2005      2006      2007      2008      2009      2010      2011      2012      2013      2014      2015
 6/2018      412.841   429.308   425.149   442.213   400.798   419.700   434.795   416.329   417.687   421.350   424.207   431.756   452.396   425.000   490.604   410.920   495.546   477.830   464.018   407.582   406.831   397.494   424.423   441.646   434.807   406.708   433.872   434.939   535.127   472.377   418.478   395.399   398.648   400.502   448.611
 7/2018      150.062   159.338   170.969   152.173   152.000   128.721   167.647   121.990   145.865   152.906   127.022   186.291   167.497   126.088   178.031   125.371   170.352   207.484   141.246   144.785   140.953   127.832   158.110   214.395   142.497   123.504   123.508   142.552   246.880   186.788   174.622   130.502   127.522   176.011   180.822
 8/2018       72.265   128.746    98.450    81.310    74.439    70.463    97.844    63.564    75.063    73.368    81.401    80.168   159.933    67.116    84.278    64.081   114.581   101.810    73.413    68.733    67.010    66.413    70.545   100.879    74.406    64.502    76.043    68.041    96.495    81.475    75.000    62.142    63.831    84.555    75.044
 9/2018       46.401    84.918    72.653    65.432    62.720    50.333    59.382    45.702    56.449    51.303    70.756    55.788    66.493    46.772    51.848    47.251    81.611    56.000    67.374    64.754    46.327    57.525    58.162    73.232    49.996    48.401    53.953    60.459    52.029    55.899    49.748    42.959    56.648    67.731    51.209
10/2018       62.854   157.520    82.361    82.247    71.889    68.840    53.007    47.779    59.251    68.155    56.355    52.111    65.502    78.352    59.653    54.894    87.601    66.893    55.981    66.404    50.153    64.046    52.857    75.947    56.227    74.766    87.379    58.469    64.000    53.487    62.711    48.739    82.527   130.678    58.171
11/2018       66.188    77.688    69.038    59.206    67.928    62.691    53.008    51.311    54.209    61.574    62.875    53.958    58.794    63.329    58.955    60.992    63.585    59.429    53.200    58.084    60.221    55.735    54.682    91.020    54.896    60.000    68.285    60.159    63.430    56.376    59.834    58.629    61.907    72.514    57.379
12/2018       47.085    48.963    43.579    40.349    41.000    41.375    39.544    37.539    38.765    41.602    43.152    38.602    40.378    41.292    47.614    46.785    42.349    43.041    38.579    39.168    40.182    38.804    39.192    48.049    39.826    41.427    42.179    40.766    42.106    39.906    39.856    40.390    40.722    46.524    42.925
 1/2019       52.405    55.543    47.897    44.628    42.941    44.228    43.031    39.868    41.752    43.898    44.448    41.510    45.390    45.554    48.110    70.793    45.292    47.092    42.151    41.344    41.757    41.310    42.102    52.695    48.504    46.816    44.580    45.236    46.010    45.000    46.454    41.579    44.737    54.037    56.652
 2/2019       53.794    55.585    45.923    41.842   107.479    44.458    39.698    40.276    40.309    47.130    46.046    40.588    41.990    60.432    58.755    54.146    42.153    45.000    46.617    39.875    39.186    51.546    41.723    48.823    44.159    48.281    40.093    45.603    43.741    43.892    44.412    40.179    51.148    64.494    51.235
 3/2019      103.979   121.953    76.234    75.432   247.012    81.137    93.626   130.729    89.828    76.223   138.026   117.157   115.997   137.894   104.747   126.035    98.826    94.912    79.353    85.346    71.636    87.396   120.315   108.335    79.011   120.842    69.543    97.924    74.134    81.932   107.291    82.546    93.185   121.200    95.000
 4/2019      107.708   157.866   130.000   139.277   346.868   129.988   130.544   175.161   139.365    93.084   122.506   176.869   131.261   107.510   150.081   140.375   157.340   106.785   109.593   113.989    99.514   108.385   170.631   138.818   140.078   110.920    66.976   132.140    89.882   209.927   162.059    79.836   108.574   110.792    97.786
 5/2019      321.122   353.618   301.928   298.900   517.297   332.533   166.119   195.000   112.663   138.251   173.040   360.402   211.963   169.506   188.918   452.764   238.464   324.227   167.042   193.570    78.850    93.789   147.545   290.530   264.224   227.917   158.591   189.782    67.083   351.181   185.063   109.842   230.564   219.517   160.855
 6/2019      583.673   903.685   520.532   268.879  1128.763   263.287   192.638   297.490   300.903   475.222    80.562   537.800   190.859   624.699   643.648   839.651   444.020   728.130   235.374   176.864   224.299   289.389   270.909   500.535   325.000    92.069   370.471   533.969   264.907   647.783   203.166   120.089   550.322   362.230   236.776
 7/2019      561.477   575.321   302.329   100.026   371.847    95.872    37.621   167.704   199.820   221.440    44.915   285.165    37.961   612.448   323.413   348.998   443.675   410.217    74.027    47.501    99.304   117.347   200.000   321.812    87.196    16.074   266.980   402.244   220.734   835.526    81.118    46.456   316.237   162.290    89.053
 8/2019      252.370   212.054   113.974    53.932   137.503    70.813    34.527    75.000    68.862   102.314    30.612   221.434    35.509   202.113   106.097   179.416   153.383   144.373    42.194    31.619    46.576    49.588    82.246   106.726    52.666    36.229    82.637   132.918    74.530   234.882    38.451    31.495   118.829    64.442    44.369
 9/2019      116.004   106.104    70.524    48.727    76.204    42.767    26.909    50.000    40.972    71.231    27.463    79.751    25.632    75.813    57.754   102.623    62.843    90.842    45.812    24.543    38.376    41.727    59.996    54.992    38.753    28.789    57.688    55.745    43.688    91.459    26.167    31.772    76.178    40.539    27.015
10/2019      177.173   107.851    84.453    58.646    89.942    37.215    30.670    51.299    56.798    51.042    28.667    71.534    56.871    70.995    59.816   100.436    68.178    66.123    46.427    30.190    44.256    36.636    62.350    57.290    63.532    60.610    52.479    62.016    39.941    88.057    32.602    56.328   133.755    47.649    43.910
11/2019       89.928    90.784    62.251    59.922    80.500    40.907    38.982    49.483    53.716    60.445    35.184    64.412    48.375    67.321    65.678    74.284    61.330    62.365    43.837    43.302    40.464    40.999    86.420    56.747    53.773    49.631    56.591    63.358    46.572    78.343    45.337    43.218    76.214    50.692    52.260
12/2019       71.020    72.351    52.423    43.983    66.650    37.896    35.013    43.747    42.360    51.287    30.700    54.867    37.351    66.866    63.622    61.741    54.887    56.069    35.246    35.064    33.776    35.762    52.179    51.103    45.831    35.786    47.177    51.882    40.729    67.056    38.016    33.436    59.663    47.240    45.457
 1/2020       65.334    63.724    46.622    37.122    57.441    33.403    29.155    39.570    35.535    44.672    28.003    49.619    34.689    56.379    77.197    54.499    48.402    50.760    31.185    29.873    30.307    32.471    44.699    51.615    42.760    30.118    43.318    45.553    37.472    62.244    32.210    30.133    55.420    50.039    40.694
 2/2020       65.102    60.494    46.173   110.585    58.219    34.874    32.897    38.203    43.140    46.085    31.017    48.961    55.097    70.064    61.766    52.619    49.694    57.225    32.879    31.631    43.754    35.312    45.355    49.834    47.724    30.868    45.544    44.452    39.332    61.293    34.168    42.203    67.215    48.658    46.535
 3/2020      118.799    83.994    72.738   209.817    86.957    77.669   107.143    76.952    61.786   122.275    93.383   111.473   112.891   103.155   115.702   102.586    87.846    80.817    67.271    55.503    68.757   101.885    91.277    76.547   104.366    52.013    83.547    68.810    66.262   117.308    65.630    71.512   110.995    79.031    84.438
 4/2020      173.387   153.636   144.997   341.876   154.816   122.777   158.663   134.176    86.116   120.721   162.436   143.378    97.751   160.092   139.792   166.493   118.271   117.625   101.913    88.390    95.845   156.608   129.979   142.591   102.928    56.025   125.320    90.240   202.590   198.017    69.579    96.297   112.509    94.354   100.759
 5/2020      405.841   387.132   353.755   532.289   395.425   172.076   172.751   111.004   138.664   203.012   321.817   251.751   164.779   253.214   478.159   270.573   360.420   207.285   172.660    67.415    91.936   136.514   276.370   313.933   220.195   140.890   203.893    69.414   354.252   240.769    95.965   221.451   250.319   157.013   312.053
 6/2020     1015.867   589.254   285.146  1119.967   279.874   178.697   282.214   311.585   485.769    84.193   497.447   206.239   615.521   711.155   876.387   488.464   772.152   258.651   165.771   210.698   272.458   268.781   482.164   340.612    85.589   347.742   565.234   301.800   695.069   231.399   113.094   513.922   371.714   229.922   589.253
 7/2020      579.905   311.770   106.432   360.263   104.638    32.575   164.816   192.029   214.321    45.774   279.876    42.036   592.273   327.522   359.335   454.723   406.135    78.674    44.616    89.970   107.647   192.863   324.123    88.174    15.059   246.262   413.179   220.001   824.117    88.050    44.149   305.744   162.379    84.702   550.038
 8/2020      205.168   114.517    54.398   129.285    73.714    30.140    69.496    63.868    93.461    28.996   209.363    37.382   185.748   104.380   175.079   146.358   137.605    44.288    26.948    38.808    43.932    76.046   101.627    52.176    32.400    73.464   128.769    71.537   218.052    45.581    26.330   111.181    61.463    39.213   228.786
 9/2020      113.240    80.831    53.310    79.712    48.367    25.954    50.361    44.092    73.449    29.595    81.952    31.276    76.491    63.796   109.792    68.430    97.687    52.475    22.789    36.723    40.994    60.035    56.845    42.565    29.585    57.655    58.702    45.694    94.575    34.587    30.429    77.083    43.373    26.527   126.934
10/2020      109.404    88.342    60.059    89.470    42.541    28.318    48.795    54.449    49.245    28.321    69.010    59.992    68.513    62.111   100.781    70.074    66.002    52.309    27.220    41.377    33.358    61.146    55.851    64.894    58.862    48.627    61.302    39.853    87.373    39.226    53.334   130.004    47.253    42.524   167.896
11/2020       90.523    65.865    61.141    79.084    47.111    37.046    47.404    52.648    58.905    35.018    62.364    49.572    65.623    68.162    74.500    62.639    62.880    46.816    40.393    37.625    38.265    81.352    55.455    54.297    47.080    53.379    62.794    46.361    76.822    52.782    40.621    72.686    50.478    49.955    87.169
12/2020       72.731    55.921    44.933    65.622    43.615    32.284    41.684    41.758    49.443    30.334    52.886    38.767    64.609    64.299    61.762    56.144    56.471    37.638    32.251    31.223    33.107    48.230    49.749    46.408    33.905    44.080    51.206    40.342    66.098    42.997    30.935    57.204    47.350    43.660    69.660
 1/2021       64.399    49.902    39.615    56.805    36.109    27.389    37.485    34.597    43.129    27.718    47.898    36.039    54.564    78.485    54.535    49.570    51.212    33.447    27.390    28.247    30.139    42.628    50.423    43.180    28.606    40.826    44.978    37.236    61.460    35.923    27.920    53.492    49.853    38.692    63.945
 2/2021       58.773    47.179   101.807    55.493    35.674    30.137    34.868    40.737    42.785    29.510    45.340    54.463    66.326    60.460    50.644    49.415    55.665    33.411    28.130    40.361    31.972    41.726    46.813    46.499    28.371    40.925    42.254    38.121    58.214    35.821    38.255    63.066    46.661    43.447    61.608
 3/2021       84.563    75.687   213.317    86.578    79.917   105.714    74.346    61.117   120.618    93.014   109.151   114.308   101.840   117.714    98.354    90.159    81.667    69.292    52.877    66.994    99.453    89.051    74.661   106.102    50.735    81.362    67.650    66.127   116.570    69.148    69.743   108.971    78.976    82.872   117.496
 4/2021      154.802   150.958   337.048   155.337   127.098   158.193   130.346    86.262   120.544   162.784   139.327    99.987   159.088   142.613   165.031   120.528   119.607   105.379    85.671    94.968   154.990   128.641   138.827   104.814    55.690   123.737    88.135   202.807   198.117    73.974    92.324   111.500    95.610    99.445   172.469
 5/2021      389.465   360.946   517.057   395.983   177.795   171.404   105.758   138.257   205.421   323.034   241.855   167.314   251.182   483.236   262.466   362.880   209.482   177.781    62.716    90.686   135.400   273.810   298.024   223.980   139.765   200.824    66.816   354.937   240.371   101.635   200.458   246.289   157.716   309.131   403.289
 6/2021      588.229   286.553  1123.943   278.075   180.035   279.220   299.161   485.384    82.761   499.621   210.603   619.501   706.516   877.947   483.134   771.120   257.519   166.632   204.094   268.664   265.876   479.115   349.451    85.070   344.532   555.454   292.956   695.872   229.459   114.196   513.103   367.068   229.816   587.366  1011.403
 7/2021      309.240   105.593   374.732   101.849    31.549   162.011   199.932   213.172    43.393   278.021    42.251   592.098   324.119   358.086   459.289   404.019    76.684    43.436    91.784   104.545   189.935   320.616    90.635    13.047   242.259   408.795   229.537   821.323    85.332    43.158   310.931   159.043    82.552   546.439   576.240
 8/2021      114.013    55.372   132.266    72.973    30.660    68.555    64.918    92.506    27.891   208.697    36.508   185.231   103.368   175.091   151.742   137.405    43.776    27.144    38.228    42.677    74.776   100.402    51.877    32.019    72.200   127.423    72.176   216.944    44.696    27.691   110.817    60.224    38.717   227.597   203.753
 9/2021       80.886    54.605    80.530    48.136    26.820    50.008    42.086    73.096    28.741    81.823    30.654    76.817    63.435   110.226    69.041    97.947    52.657    23.366    35.749    40.057    59.317    56.228    41.989    30.017    57.025    58.041    46.131    94.414    34.289    31.428    77.665    42.717    26.332   126.401   112.840
10/2021       88.346    61.160    89.286    42.140    28.879    48.348    55.143    48.852    27.663    68.768    58.681    68.698    61.683   101.057    69.936    66.136    52.463    27.612    40.461    32.320    60.295    55.051    64.596    58.930    47.892    60.581    39.366    87.100    38.779    54.373   129.830    46.522    42.161   167.244   108.808
11/2021       65.780    62.114    79.949    46.772    37.602    46.976    52.252    58.536    34.451    62.140    49.778    65.744    67.709    74.687    62.787    62.899    46.887    40.836    37.044    37.647    79.748    54.804    54.361    47.092    53.047    62.112    46.002    76.576    52.394    41.667    73.501    49.803    49.670    86.703    90.068
12/2021       55.976    45.973    66.164    43.324    33.317    41.439    40.834    49.225    29.946    52.810    38.605    64.469    64.033    62.079    56.224    56.686    37.868    32.863    30.626    32.621    47.608    49.299    46.311    34.098    43.680    50.744    40.210    65.598    42.696    32.055    57.200    46.886    43.586    68.727    72.512
 1/2022       49.921    40.587    57.014    35.950    28.033    36.994    34.317    42.790    27.337    47.801    35.849    54.781    78.206    54.795    49.580    51.377    33.631    27.919    27.497    29.672    42.030    49.982    43.204    28.755    40.436    44.532    37.011    61.344    35.726    28.914    53.227    49.117    38.593    63.644    64.118
 2/2022       47.194   102.862    55.732    35.543    30.672    34.655    40.107    42.580    29.196    45.262    52.818    66.543    60.240    50.861    49.120    55.801    33.568    28.571    39.851    31.591    41.234    46.457    46.223    28.498    40.599    41.889    37.949    58.118    35.663    39.130    62.857    46.264    43.357    61.356    58.474
 3/2022       75.696   214.638    86.441    79.764   106.430    74.123    60.906   120.347    92.620   109.040   114.612   102.077   117.267    98.608    88.882    81.817    69.501    53.344    65.723    99.085    88.498    74.051   103.612    50.883    81.011    67.265    65.572   116.471    68.991    70.707   106.618    78.542    82.772   117.166    84.394
 4/2022      150.405   338.442   145.584   126.948   158.994   130.096    83.696   120.284   162.343   138.767    97.845   159.332   142.302   165.368   109.514   119.902   105.665    86.160    92.708   154.460   128.040   138.320   103.975    55.846   123.294    87.446   199.203   198.005    73.828    93.350   110.949    95.158    99.353   172.043   154.579
 5/2022      360.781   517.443   392.127   176.695   172.189   105.426   130.230   200.456   322.362   241.691   156.859   251.597   481.623   262.266   344.446   208.778   178.187    63.095    79.222   134.910   272.723   296.627   219.521   139.904   199.615    66.483   336.420   240.299   101.485   202.060   237.147   157.256   309.173   402.595   389.071
 6/2022      286.586  1124.813   285.325   179.905   279.746   299.034   478.686    82.619   498.350   210.599   599.944   706.749   877.624   483.553   772.122   257.612   166.797   204.460   273.113   265.250   477.761   349.129    88.359   344.168   554.887   291.567   671.679   229.400   114.050   514.373   367.417   228.391   586.470  1011.017   588.018
 7/2022      105.590   375.190   104.005    31.466   162.268   199.747   222.276    43.298   277.872    42.173   606.358   324.244   357.967   459.546   421.438    76.766    43.499    92.027   108.993   189.644   320.285    90.433    13.721   242.377   408.530   229.265   845.078    85.267    43.020   311.325   164.314    82.335   546.382   576.156   309.144
 8/2022       55.374   132.654    73.427    30.592    68.799    64.784    96.490    27.801   208.545    36.449   191.824   103.484   175.006   151.842   141.173    43.851    27.229    38.626    43.115    74.580   100.169    51.696    32.740    72.254   127.264    71.971   225.852    44.638    27.568   111.233    61.599    38.457   227.513   203.647   113.944
 9/2022       54.619    80.871    49.427    26.761    50.238    41.970    73.652    28.604    81.697    30.506    78.275    63.537   110.156    69.109    97.899    52.726    23.431    35.934    39.656    59.156    56.036    41.830    29.473    57.080    57.907    45.952    95.959    34.239    31.345    78.022    42.362    26.168   126.327   112.744    80.825
10/2022       61.162    89.639    42.331    28.825    48.553    55.067    48.877    27.579    68.648    58.640    68.780    61.771   100.991    70.000    66.751    52.533    27.671    40.662    32.284    60.184    54.869    64.446    58.513    47.932    60.454    39.201    86.604    38.732    54.301   130.204    46.771    41.995   167.173   108.725    88.288
11/2022       62.116    80.249    46.873    37.554    47.164    52.185    58.451    34.366    62.103    49.741    65.440    67.802    74.629    62.844    62.918    47.041    40.897    37.239    37.442    79.272    54.642    54.228    47.922    52.780    62.000    45.859    77.070    52.352    41.609    73.773    49.893    49.511    86.655    89.995    65.732
12/2022       45.975    66.445    43.571    33.276    41.617    40.612    49.478    29.865    52.712    38.571    65.046    64.119    62.025    56.277    56.606    37.931    32.922    30.810    32.443    47.494    49.145    46.186    34.279    43.714    50.640    40.071    65.989    42.626    32.003    57.454    46.456    43.436    68.683    72.443    55.932
 1/2023       40.585    57.266    36.046    27.992    37.279    34.258    42.842    27.263    47.712    35.818    54.903    78.291    54.745    49.628    51.274    33.689    27.975    27.666    29.471    41.927    49.839    43.091    28.776    40.470    44.438    36.885    61.211    35.692    28.868    53.463    49.672    38.459    63.604    64.056    49.880
 2/2023      102.863    55.950    35.334    30.638    34.803    40.057    42.304    29.134    45.188    52.791    65.966    60.307    50.819    49.161    55.346    33.616    28.619    39.997    31.362    41.150    46.341    46.125    28.493    40.717    41.811    37.809    58.130    35.635    39.093    63.079    45.430    43.244    61.320    58.422    47.161
 3/2023      214.652    86.679    79.064   106.388    74.303    60.855   118.934    92.538   108.944   114.574   100.969   117.415    98.555    88.915    81.003    69.556    53.398    65.880    95.514    88.407    73.971   103.473    50.320    81.061    67.181    65.453   112.644    68.964    70.671   106.875    78.201    82.649   117.118    84.339    75.661
 4/2023      338.527   145.899   124.284   158.956   130.297    83.634   118.889   162.253   138.675    97.812   157.057   142.398   165.304   109.563   116.595   105.733    86.219    92.865   154.079   127.936   138.124   103.869    54.826   123.358    87.381   199.050   191.716    73.802    93.321   111.191    90.373    99.224   171.991   154.508   150.345
 5/2023      517.476   392.441   167.972   172.151   105.551   130.155   194.086   322.233   241.618   156.829   243.005   481.723   262.226   344.526   199.359   178.247    63.106    79.379   132.136   272.520   296.425   219.442   131.833   199.722    66.411   336.088   243.560   101.460   201.991   237.647   152.049   308.887   402.544   388.836   360.656
