segdesc   = MPSC2L_F
2018-05-31
 traces ->      1981      1982      1983      1984      1985      1986      1987      1988      1989      1990      1991      1992      1993      1994      1995      1996      1997      1998      1999      2000      2001      2002      2003      2004      2005      2006      2007      2008      2009      2010      2011      2012      2013      2014      2015
 6/2018       75.727    76.789    87.317   115.949    80.935    82.816    88.435    80.040    79.896    79.527    85.507    81.914    86.611    77.166    83.277    84.633   102.782    79.248    83.356    79.202    81.271    75.627    81.270    76.177    82.495    81.000    79.370    78.023    83.692    81.403    75.131    74.908    77.105    79.073    98.803
 7/2018       39.217    31.967    38.253    48.810    32.499    38.855    34.623    34.000    33.393    36.655    38.005    38.302    34.070    31.388    50.637    36.300    38.434    33.000    38.690    33.996    32.749    32.040    31.999    32.700    33.961    39.730    33.432    31.319    35.207    33.712    31.530    31.719    34.295    33.704    39.347
 8/2018       29.490    42.052    32.697    41.751    26.169    28.904    30.860    30.000    37.440    29.307    30.505    41.255    25.720    25.592    28.909    25.274    32.649    27.827    34.005    32.021    32.717    25.624    28.735    26.262    31.382    39.059    32.703    27.070    25.610    31.443    24.780    27.468    33.989    30.453    26.745
 9/2018       25.098    46.385    22.649    29.476    33.009    37.889    27.181    32.295    25.812    26.074    22.905    35.225    30.759    25.509    24.702    22.986    30.433    21.675    26.256    26.000    22.844    25.110    47.169    27.595    23.483    29.833    33.571    21.444    21.365    21.719    20.519    22.918    49.724    32.711    24.604
10/2018       24.259    29.451    20.001    26.979    54.786    44.596    19.909    23.493    23.667    39.289    19.349    22.119    26.271    21.954    27.160    28.841    33.748    26.674    21.831    21.108    19.453    30.960    28.246    25.000    34.608    48.049    30.430    19.334    21.782    21.535    21.256    19.859    43.560    39.854    20.303
11/2018       23.992    22.084    18.803    23.953    32.660    32.796    20.970    19.306    20.110    36.117    19.821    19.913    21.610    22.000    21.691    23.188    24.914    24.467    18.871    19.789    21.284    21.338    21.006    23.589    28.281    34.061    24.518    18.605    22.649    23.512    19.388    17.964    27.469    25.993    20.786
12/2018       19.340    19.196    18.032    19.921    21.907    23.805    18.317    17.397    17.784    25.219    17.865    18.149    18.092    18.113    19.636    19.783    19.727    22.389    17.072    17.345    17.905    18.030    19.315    18.756    20.422    23.700    19.000    16.574    17.979    19.610    16.880    16.490    21.337    19.924    19.445
 1/2019       15.915    16.393    17.293    16.936    17.828    18.505    15.345    14.832    15.130    18.860    14.743    15.734    15.348    15.254    16.000    15.857    16.914    18.050    16.256    14.728    15.000    15.365    16.259    18.758    16.691    20.306    15.615    14.240    14.864    16.538    14.678    14.078    17.860    16.683    17.160
 2/2019       13.305    14.000    12.943    14.424    27.523    17.967    12.652    12.240    13.036    16.485    12.889    14.773    12.614    16.471    15.400    13.011    15.165    18.263    17.658    15.104    12.331    17.580    13.520    16.183    13.557    19.079    12.782    12.598    12.180    13.573    12.332    11.676    17.160    17.231    14.542
 3/2019       25.008    27.000    14.252    28.004    60.325    24.134    21.918    40.822    24.249    26.622    24.798    30.460    30.977    45.043    26.486    32.835    29.151    28.953    22.626    27.034    17.055    29.311    43.892    21.225    22.221    55.179    14.150    33.876    16.658    28.661    30.513    19.761    21.186    35.569    17.850
 4/2019       44.620    33.679    38.918    77.162   106.073    77.068    58.381   103.789    56.667    53.089    67.395    94.410    65.057    57.399    71.899    76.912    50.471    41.630    64.339    57.342    49.417    56.058    92.937    60.000    77.978    79.101    52.557    62.405    51.468    69.825    71.466    44.646    52.435    68.027    43.478
 5/2019      158.488   126.315   417.187   327.652   300.539   277.589   129.927   180.689   113.911   161.278   185.823   272.764   185.882   191.000   287.331   299.010   169.228   194.173   200.147   244.342    69.126   159.686   208.777   246.207   195.937   220.882   250.882   240.149   101.956   151.929   107.540   111.629   227.986   172.524    98.495
 6/2019      307.223   357.866   685.373   387.297   398.180   281.231   171.759   152.848   179.116   284.019   173.537   415.821   213.661   536.324   293.413   513.136   193.105   345.842   157.895   204.747    54.010   236.778   147.964   291.483   198.283   187.861   496.294   265.000   247.760   433.477    47.813   153.701   347.398   327.438   114.800
 7/2019      175.828   212.102   328.774   120.425   164.063    94.000    69.074    64.186    71.625   133.299    66.824   194.904    66.581   496.503   118.060   185.947    93.685   215.412    47.872    58.526    21.160    67.826    54.050   116.291    73.434    65.910   220.447   138.558    73.761   215.279    21.695    53.388   107.221    99.707    43.530
 8/2019       93.033    81.233   124.706    54.127    62.435    51.507    38.772    48.318    37.588    56.965    51.033    66.966    37.614   136.265    48.266    79.615    43.376    84.537    38.307    44.944    16.651    40.349    34.156    54.574    51.000    46.016    77.805    51.315    42.682    66.411    20.828    37.885    53.761    42.112    27.670
 9/2019       72.056    38.175    66.341    51.159    57.963    37.824    36.000    31.152    29.130    33.564    40.322    53.193    32.527    60.421    34.863    54.120    28.018    43.507    29.991    28.960    17.173    54.358    32.427    33.861    35.417    40.480    43.777    33.417    25.778    37.485    17.602    52.030    44.911    31.920    22.104
10/2019       48.592    34.572    60.767    85.224    69.394    32.362    30.074    31.857    48.967    30.625    29.035    48.974    31.356    58.826    45.009    62.080    36.597    37.419    27.707    27.748    27.206    37.738    34.062    50.766    62.013    40.997    41.325    35.773    28.338    39.216    17.839    51.404    61.218    29.467    24.522
11/2019       33.254    29.445    49.449    48.527    47.607    30.600    22.909    25.493    41.315    28.122    24.222    38.071    28.616    44.451    33.979    43.095    30.523    29.923    24.093    27.404    16.383    26.689    29.258    38.012    41.075    30.762    35.843    33.002    28.052    32.515    14.952    30.301    37.386    27.569    23.035
12/2019       29.299    27.993    42.863    34.348    36.155    27.414    20.855    22.928    29.023    25.738    22.345    33.101    24.275    40.401    30.096    35.276    28.131    27.529    21.401    23.569    13.721    24.791    23.898    28.708    29.161    24.001    32.767    27.398    23.608    29.136    13.932    23.779    29.201    25.910    18.494
 1/2020       26.257    27.178    38.330    29.563    30.266    24.310    18.682    20.532    22.860    22.542    20.329    29.639    21.552    35.132    25.661    31.604    24.049    26.642    19.118    20.838    12.342    21.996    24.538    24.802    26.099    20.748    29.593    24.019    20.945    26.480    12.540    20.849    25.705    23.874    15.891
 2/2020       22.932    21.534    32.957    41.346    28.848    20.663    15.890    18.203    20.636    20.049    19.352    25.030    23.083    32.647    21.609    28.194    24.519    27.634    19.641    17.672    16.134    18.953    21.703    20.688    24.898    17.521    26.161    20.412    17.768    22.709    10.812    20.703    26.008    20.946    13.718
 3/2020       35.664    21.219    47.663    76.589    33.157    29.898    44.732    29.236    29.370    31.665    34.428    44.700    51.798    42.953    41.911    43.559    34.841    31.410    30.550    21.706    26.781    51.808    25.127    28.602    63.717    17.788    49.096    24.152    32.541    43.456    17.985    22.753    47.983    22.520    24.296
 4/2020       44.226    48.354   108.132   133.518   105.906    71.033   114.289    65.279    58.019    83.288   102.451    87.526    67.349    99.283    90.070    68.777    49.252    84.119    63.632    57.596    56.040   106.085    66.913    94.431    95.471    62.002    82.295    63.679    76.898    91.932    44.075    57.904    84.392    54.349    44.621
 5/2020      163.006   502.695   416.271   351.280   323.301   155.384   193.387   129.575   182.848   215.310   294.401   236.473   213.556   376.116   337.137   218.436   227.927   243.995   261.170    79.653   167.002   230.050   264.942   227.499   241.625   283.459   293.449   125.566   172.355   131.960   109.965   258.339   206.264   115.285   160.761
 6/2020      396.218   729.523   426.803   421.589   303.763   185.618   158.170   187.202   295.063   182.363   433.574   231.548   581.517   327.394   543.017   212.493   371.261   167.072   211.871    55.920   224.920   151.839   302.636   207.709   192.141   519.004   293.524   264.976   459.867    53.926   152.065   349.950   348.056   120.392   312.591
 7/2020      220.971   337.136   135.802   169.925    98.862    72.194    67.867    75.433   136.114    71.242   205.154    73.731   510.654   127.355   197.985   102.772   221.671    53.091    62.223    23.429    66.168    57.133   122.756    78.765    68.688   222.319   152.828    78.393   217.594    27.227    53.791   109.502   104.281    47.070   182.280
 8/2020       84.753   127.965    62.646    66.113    56.357    42.955    50.476    39.806    58.007    55.285    69.993    43.134   136.408    54.507    84.137    49.205    85.894    43.001    47.111    18.611    39.453    36.054    57.330    54.465    47.901    79.088    57.684    46.450    67.388    25.935    37.558    55.021    45.029    29.881    94.737
 9/2020       43.273    72.641    61.797    66.663    43.346    41.753    34.461    33.624    36.513    44.452    58.730    39.421    65.805    42.652    60.605    34.645    47.800    34.940    32.116    20.601    57.504    36.810    37.746    40.615    45.161    47.925    40.234    30.127    40.951    23.030    55.094    49.331    36.309    25.378    77.384
10/2020       36.390    61.863    91.725    71.081    34.681    31.916    32.394    50.016    30.784    30.286    49.751    34.916    59.043    49.576    63.765    41.003    38.069    29.975    28.321    28.685    35.621    34.439    51.733    63.173    41.343    41.857    39.493    30.480    39.600    21.257    50.184    61.108    30.845    25.996    47.753
11/2020       30.999    50.431    53.277    48.755    32.567    24.720    25.919    41.493    28.311    25.433    38.711    31.634    44.914    37.952    44.483    33.665    30.617    26.086    27.887    17.511    25.386    29.915    38.780    41.737    30.767    36.201    36.288    29.680    32.711    17.967    29.391    36.908    28.840    24.073    32.588
12/2020       29.708    43.870    38.620    37.523    29.311    22.590    23.305    29.454    25.790    23.480    33.692    27.205    40.826    33.639    36.561    31.268    28.246    23.336    24.016    14.851    23.573    24.494    29.398    30.080    24.450    33.190    30.425    25.270    29.388    16.762    22.910    29.244    27.195    19.410    28.624
 1/2021       28.456    39.242    33.409    31.767    26.072    20.269    20.870    23.488    22.645    21.381    30.168    24.280    35.613    28.936    32.773    26.997    27.455    20.880    21.238    13.494    20.882    25.165    25.425    27.024    21.215    29.980    26.754    22.353    26.684    15.108    20.043    25.830    24.875    16.758    25.615
 2/2021       21.979    32.647    42.882    29.192    21.423    16.681    17.773    20.498    19.494    19.598    24.599    24.696    32.055    23.592    28.160    26.207    27.310    20.506    17.406    16.482    17.427    21.501    20.523    24.886    17.325    25.642    21.899    18.416    22.143    12.552    19.256    25.246    21.203    14.006    21.503
 3/2021       22.512    48.518    78.980    34.566    31.466    46.411    28.913    30.020    31.876    35.390    44.640    54.885    43.540    45.113    43.768    37.759    32.155    32.214    21.554    27.715    50.517    25.766    28.859    64.647    18.239    49.655    25.959    33.960    43.740    20.232    22.153    47.869    23.557    24.985    34.717
 4/2021       49.813   109.416   136.642   107.828    73.193   116.368    64.627    58.823    83.652   103.756    86.415    70.526   100.051    94.149    68.102    52.231    85.082    65.909    57.055    57.063   104.475    67.629    92.767    96.530    62.558    83.106    65.423    78.709    92.271    46.629    55.570    84.382    55.707    45.318    42.094
 5/2021      508.539   417.363   351.863   325.918   157.597   195.579   125.975   183.735   215.663   297.226   229.491   219.008   376.104   345.545   212.497   233.855   244.382   264.782    77.665   168.810   227.886   266.156   223.465   243.728   284.295   293.896   122.261   174.869   132.113   113.409   242.626   206.031   116.472   162.725   149.592
 6/2021      733.157   426.842   425.120   304.320   186.872   159.385   189.214   295.072   182.398   435.531   237.086   588.172   326.970   548.159   217.453   374.950   167.351   213.436    58.279   226.174   150.757   303.192   211.089   192.425   519.519   293.514   270.881   462.346    53.930   154.774   356.993   347.738   121.073   314.836   395.912
 7/2021      337.627   135.673   177.236    98.966    72.882    68.329    76.784   135.498    70.983   205.430    75.945   512.801   127.112   199.155   105.719   222.913    53.101    62.633    23.616    66.276    56.296   122.687    79.828    68.677   222.102   152.522    82.071   218.071    27.113    54.920   111.769   103.844    47.377   182.439   228.108
 8/2021      128.183    62.729    68.410    56.674    43.598    50.983    40.143    57.944    55.137    70.140    43.499   137.104    54.505    85.001    50.317    86.806    43.121    47.589    18.766    39.643    35.410    57.355    54.808    48.061    79.001    57.646    48.013    67.724    25.859    38.526    55.300    44.878    30.241    94.832    86.373
 9/2021       72.879    61.977    66.943    43.732    42.436    34.986    32.953    36.611    44.413    58.946    39.549    66.411    42.754    61.444    35.199    48.654    35.126    32.590    20.537    57.836    36.336    37.849    40.466    45.412    47.943    40.302    31.294    41.316    23.046    56.214    48.866    36.282    25.789    77.552    43.444
10/2021       62.128    91.970    73.175    35.075    32.515    32.901    50.372    30.907    30.286    49.980    35.192    59.666    49.734    64.594    41.226    38.915    30.178    28.805    29.117    35.907    34.038    51.897    64.161    41.599    41.918    39.608    31.414    39.982    21.307    51.167    61.335    30.865    26.452    47.901    36.287
11/2021       50.669    53.454    50.710    32.920    25.287    26.369    42.391    28.439    25.436    38.908    32.009    45.440    38.087    45.191    34.285    31.286    26.281    28.296    17.860    25.633    29.571    38.921    42.714    30.987    36.256    36.401    30.706    33.041    18.022    30.110    37.439    28.874    24.492    32.714    30.854
12/2021       44.080    38.771    38.896    29.647    23.130    23.742    29.946    25.917    23.482    33.867    27.482    41.318    33.758    37.216    31.899    28.946    23.525    24.442    15.065    23.803    24.161    29.522    30.550    24.689    33.236    30.524    26.198    29.720    16.813    23.591    29.234    27.224    19.794    28.738    29.368
 1/2022       39.438    33.548    32.732    26.386    20.764    21.273    23.681    22.768    21.383    30.333    24.478    36.067    29.051    33.378    27.414    28.119    21.055    21.628    13.554    21.090    24.845    25.541    27.333    21.435    30.028    26.848    23.287    26.998    15.153    20.675    25.728    24.897    17.107    25.722    28.436
 2/2022       32.809    42.973    29.972    21.667    17.093    18.106    20.517    19.599    19.600    24.736    24.472    32.455    23.687    28.667    26.459    27.883    20.660    17.731    16.625    17.601    21.244    20.616    25.028    17.509    25.682    21.979    19.074    22.382    12.588    19.773    25.158    21.224    14.297    21.594    21.869
 3/2022       48.717    79.116    35.435    31.732    46.926    29.296    29.930    32.011    35.371    44.796    54.538    44.021    45.223    44.371    37.268    32.778    32.401    21.901    27.353    50.763    25.485    28.968    63.971    18.427    49.702    26.051    34.171    44.064    20.260    22.708    45.592    23.579    25.276    34.805    22.348
 4/2022      109.699   136.868   100.491    73.617   117.110    65.109    58.087    83.786   103.669    86.644    67.706   100.754    94.289    68.813    50.728    85.976    66.142    57.493    55.491   104.792    67.260    92.918    92.468    62.780    83.182    65.551    78.358    92.629    46.675    56.281    84.281    55.725    45.717    42.172    49.545
 5/2022      417.857   352.152   329.947   158.014   196.237   126.551   175.580   215.771   297.285   229.829   212.901   376.918   345.831   213.428   225.621   245.378   265.135    78.011   158.420   228.371   265.600   223.645   242.429   284.975   293.974   122.383   168.016   132.405   113.476   243.938   199.864   116.487   163.427   149.965   506.106
 6/2022      427.013   425.219   304.586   187.105   159.761   189.628   296.935   182.487   435.603   237.250   575.563   327.316   548.283   217.897   374.432   167.839   213.585    58.503   234.712   150.951   302.864   211.202   195.953   520.001   293.553   270.965   459.877    54.039   154.824   358.044   349.047   121.091   315.332   396.458   728.028
 7/2022      135.759   177.296   103.936    73.059    68.593    77.032   140.214    71.053   205.450    76.026   525.015   127.336   199.203   106.042   230.189    53.453    62.725    23.818    68.468    56.393   122.516    79.901    70.475   222.236   152.546    82.123   227.280    27.259    54.935   112.117   107.220    47.388   182.668   228.210   335.205
 8/2022       62.795    68.456    57.257    43.762    51.225    40.341    59.160    55.207    70.146    43.568   142.240    54.700    85.042    50.606    89.580    43.452    47.673    18.965    39.964    35.497    57.211    54.871    48.817    79.080    57.664    48.064    69.723    26.025    38.537    55.545    45.298    30.249    94.999    86.407   127.626
 9/2022       62.037    66.987    44.691    42.584    35.191    33.134    36.908    44.475    58.947    39.607    67.282    42.933    61.481    35.453    49.381    35.409    32.661    20.724    57.569    36.414    37.728    40.518    45.326    48.006    40.317    31.337    41.871    23.200    56.225    49.091    36.377    25.795    77.698    43.463    72.686
10/2022       92.036    73.220    35.504    32.642    33.073    50.561    31.053    30.335    49.980    35.249    60.354    49.909    64.630    41.478    39.373    30.421    28.874    29.299    36.638    34.113    51.774    64.219    42.173    41.977    39.622    31.459    40.294    21.453    51.178    61.557    30.910    26.459    48.024    36.305    61.990
11/2022       53.501    50.741    33.264    25.400    26.507    42.547    28.481    25.483    38.907    32.061    45.705    38.242    45.221    34.498    31.500    26.489    28.355    18.017    25.802    29.642    38.817    42.759    31.750    36.309    36.413    30.747    33.440    18.152    30.122    37.613    28.833    24.497    32.790    30.873    50.551
12/2022       38.813    38.922    30.024    23.241    23.900    30.086    26.066    23.527    33.866    27.531    41.580    33.901    37.243    32.113    29.105    23.752    24.501    15.212    23.916    24.223    29.425    30.590    24.940    33.286    30.535    26.235    30.020    16.938    23.598    29.395    27.187    19.799    28.827    29.382    43.973
 1/2023       33.585    32.756    26.713    20.866    21.420    23.808    22.839    21.425    30.332    24.523    36.190    29.181    33.403    27.605    28.117    21.265    21.683    13.690    21.187    24.901    25.451    27.371    21.593    30.074    26.858    23.319    27.288    15.268    20.679    25.877    25.033    17.111    25.813    28.445    39.340
 2/2023       43.008    29.989    21.903    17.178    18.218    20.622    19.564    19.634    24.735    24.509    32.247    23.796    28.688    26.625    27.919    20.842    17.778    16.745    17.527    21.293    20.544    25.062    17.638    25.722    21.986    19.102    22.547    12.685    19.775    25.290    21.050    14.300    21.656    21.881    32.726
 3/2023       79.166    35.447    31.200    47.016    29.439    30.053    31.349    35.423    44.778    54.582    43.560    45.380    44.393    37.457    32.397    32.614    21.954    27.495    49.228    25.534    28.882    64.022    18.192    49.748    26.057    34.213    42.621    20.368    22.708    45.756    23.517    25.278    34.900    22.358    47.967
 4/2023      136.929   100.525    72.281   117.271    65.287    58.248    79.774   103.756    86.644    67.760    98.812    94.487    68.842    50.915    81.805    66.403    57.553    55.645   102.945    67.327    92.776    92.509    59.949    83.262    65.565    78.401    92.232    46.802    56.280    84.457    52.890    45.709    42.271    49.543   105.477
 5/2023      352.234   330.026   153.086   196.362   126.727   175.838   212.047   297.345   229.845   213.008   370.011   346.095   213.482   225.980   241.338   265.505    78.050   158.629   225.862   265.745   223.537   242.482   272.656   294.097   122.394   168.068   132.189   113.624   243.962   200.094   113.684   163.428   150.186   506.237   404.890
