segdesc   = RBPC2H_F
2018-05-31
 traces ->      1981      1982      1983      1984      1985      1986      1987      1988      1989      1990      1991      1992      1993      1994      1995      1996      1997      1998      1999      2000      2001      2002      2003      2004      2005      2006      2007      2008      2009      2010      2011      2012      2013      2014      2015
 6/2018        3.381     3.241     3.574     4.568     3.340     3.654     3.681     3.643     3.234     3.434     3.847     3.765     3.513     3.711     3.323     3.255     4.033     3.234     3.357     3.264     3.234     3.252     3.234     3.333     3.265     3.234     3.234     3.260     3.891     3.265     3.234     3.234     3.293     3.234     5.223
 7/2018        3.080     1.783     1.703     1.748     1.799     2.530     1.505     1.870     1.666     2.505     2.357     1.803     1.453     1.649     2.318     2.171     2.307     2.092     1.991     1.429     1.514     1.419     1.508     1.593     1.418     2.341     1.685     1.544     1.726     1.654     1.525     1.631     2.545     1.704     2.364
 8/2018        2.593     3.486     1.700     3.850     2.813     2.454     2.238     2.393     1.678     3.192     3.120     3.395     4.217     2.377     2.486     1.598     4.269     1.622     4.074     1.183     1.804     1.141     1.466     1.358     1.753     3.076     1.697     1.459     1.204     2.451     1.866     1.186     2.289     1.367     1.543
 9/2018        2.980     4.596     1.151     2.539     3.599     4.809     1.489     2.174     1.524     2.409     2.525     2.494     4.738     3.620     2.533     1.772     4.198     1.291     2.479     1.097     1.161     1.053     2.885     1.955     1.277     3.222     2.187     1.565     1.693     2.041     1.969     1.466     3.996     1.061     1.387
10/2018        3.499     2.260     1.684     2.704     5.111     7.043     1.159     1.593     2.424     3.205     1.310     1.308     1.802     1.683     1.960     1.759     4.077     1.517     1.454     1.755     1.046     1.564     1.327     1.865     2.588     6.422     2.793     1.422     1.550     1.393     3.198     1.108     2.867     1.613     1.179
11/2018        1.877     1.359     1.032     1.404     2.186     2.952     1.483     1.055     1.174     2.137     1.083     1.069     1.189     1.521     1.146     1.289     1.929     1.643     1.040     1.253     1.016     1.119     1.157     1.620     1.305     3.123     1.161     1.207     1.340     1.243     1.448     0.941     1.512     1.089     1.428
12/2018        1.171     1.103     0.942     1.169     1.301     1.467     1.022     1.021     0.978     1.239     1.014     0.999     1.045     1.124     1.052     1.120     1.216     1.354     0.981     0.978     0.920     0.949     1.089     1.089     0.984     1.468     1.508     0.978     0.994     1.091     1.056     0.917     1.144     0.976     1.142
 1/2019        0.989     1.010     0.878     1.146     1.177     1.188     0.909     0.913     0.897     1.007     0.928     0.932     1.008     1.016     0.933     1.021     1.061     1.033     0.919     0.913     0.860     0.888     0.973     1.164     0.907     1.144     0.989     0.916     0.889     0.989     1.001     0.872     0.997     0.921     1.082
 2/2019        0.832     0.873     0.769     0.931     1.228     1.244     0.778     0.803     0.771     0.932     0.851     0.801     0.874     1.186     1.176     0.890     0.916     0.961     0.871     0.827     0.777     0.808     0.852     0.991     0.812     1.088     0.812     0.914     0.753     0.910     0.843     0.820     1.040     1.151     0.974
 3/2019        1.247     1.353     1.189     2.200     4.907     2.899     1.399     2.670     1.746     1.110     1.382     1.613     2.825     4.760     1.666     2.959     2.276     2.291     1.481     1.708     1.229     1.443     3.517     1.658     1.648     7.373     1.414     2.510     1.159     2.259     3.016     1.611     2.553     2.988     1.311
 4/2019        4.347     2.869     3.481    12.339    15.211    13.822     6.395    13.387     8.274     6.112     9.078     6.499    11.190     8.209     6.325     8.747     5.829     7.104     6.981     9.336     4.565     4.695     9.551     9.155     9.531    10.985     8.049     7.433     7.650     8.211    11.498     4.368     8.204     4.945     6.940
 5/2019       21.858    18.830    25.575    35.995    26.290    25.833    12.189    16.040    12.841    21.422    26.001    32.235    25.514    24.735    13.980    28.670    21.486    22.439    12.733    31.421     5.763    13.105    20.156    35.391    15.190    18.285    27.164    26.922    17.150    15.218    13.205     9.133    12.717    12.363    11.579
 6/2019       25.168    32.948    23.705    34.388    28.866    19.193    14.915    10.523    11.412    27.254    16.152    29.253    18.640    35.458     5.335    25.900    15.692    20.901     4.145    14.183     2.426     8.451    10.666    31.800     6.135    11.942    26.988    14.180    17.208    17.165     6.331     7.012    11.195    17.121     8.687
 7/2019       12.120    14.906     7.683    11.461    12.186     5.962     5.908     3.648     5.080    11.018     5.426     8.503     3.883    19.971     2.653     7.372     6.881     8.560     1.466     3.039     1.077     2.084     2.880     9.862     2.779     3.418     6.829     4.269     4.535     5.276     2.068     3.163     2.880     4.372     4.604
 8/2019        7.250     4.757     5.866     5.567     4.144     3.793     3.258     2.117     3.919     5.234     4.973     6.992     3.140     7.177     1.674     6.592     2.418     6.201     1.156     2.391     0.886     1.556     1.645     3.526     3.503     2.319     2.446     1.639     3.655     2.647     1.253     2.519     1.584     1.887     2.844
 9/2019        6.533     1.792     3.288     5.012     6.135     2.160     2.471     1.808     2.660     3.192     3.417     6.731     4.574     4.065     1.828     5.147     1.637     3.013     1.045     1.420     0.826     2.990     2.189     1.969     3.405     2.777     2.212     2.027     2.564     2.436     1.520     3.974     1.131     1.526     3.067
10/2019        2.993     2.329     3.269     7.155     9.471     1.549     1.776     3.247     3.421     1.612     1.620     2.398     2.045     2.682     1.859     4.971     1.864     1.696     1.728     1.274     1.285     1.327     2.126     3.987     6.734     3.350     1.914     1.816     1.640     4.013     1.138     2.778     1.769     1.259     3.563
11/2019        1.735     1.399     1.686     2.878     3.614     1.889     1.143     1.435     2.255     1.333     1.283     1.554     1.785     1.598     1.279     2.586     1.939     1.226     1.250     1.235     0.911     1.144     1.808     2.072     3.218     1.319     1.663     1.562     1.432     1.781     0.959     1.431     1.147     1.522     1.874
12/2019        1.413     1.289     1.389     1.719     1.810     1.318     1.088     1.116     1.301     1.252     1.200     1.376     1.325     1.472     1.121     1.496     1.603     1.158     0.954     1.120     0.761     1.079     1.194     1.428     1.495     1.660     1.354     1.169     1.244     1.220     0.934     1.068     1.026     1.208     1.153
 1/2020        1.295     1.202     1.376     1.555     1.465     1.178     0.978     1.014     1.061     1.150     1.118     1.325     1.201     1.315     1.013     1.292     1.223     1.085     0.888     1.047     0.713     0.967     1.255     1.288     1.161     1.103     1.227     1.048     1.129     1.138     0.883     0.929     0.963     1.147     0.970
 2/2020        1.160     1.085     1.147     1.771     1.590     1.054     0.886     0.905     1.013     1.078     0.993     1.189     1.468     1.676     0.911     1.151     1.173     1.052     0.830     0.976     0.677     0.882     1.112     1.202     1.138     0.939     1.243     0.919     1.068     0.992     0.860     1.021     1.238     1.081     0.844
 3/2020        1.684     1.560     2.624     6.289     3.465     1.765     2.827     1.938     1.161     1.651     1.855     3.725     5.529     2.200     2.980     2.743     3.027     1.736     1.658     1.537     1.264     3.692     1.773     2.206     7.664     1.640     3.156     1.385     2.589     3.716     1.628     2.719     3.402     1.386     1.220
 4/2020        4.122     4.643    14.263    17.164    15.948     7.790    14.261     9.146     6.684    11.401     7.348    12.951     9.330     8.212     8.860     6.862     8.592     8.468     9.296     5.521     4.388    10.023     9.905    11.805    11.492     9.008     9.044     8.878     9.400    12.404     4.504     8.207     5.320     7.973     4.986
 5/2020       21.855    29.760    37.549    27.309    26.048    13.473    16.448    13.304    22.654    27.340    33.844    27.118    26.122    15.248    28.853    23.043    24.200    13.311    31.471     6.394    12.776    20.469    36.756    16.275    18.301    28.724    29.243    18.379    16.237    13.623     9.499    13.089    13.453    11.888    22.540
 6/2020       33.418    23.905    34.658    29.088    19.536    15.492    10.620    11.605    27.416    16.155    29.614    18.450    36.130     5.496    25.943    15.537    21.014     4.077    14.185     2.505     7.801    10.518    32.181     6.269    11.804    26.677    14.512    17.183    17.367     6.342     7.155    10.825    17.181     8.794    25.309
 7/2020       14.493     7.474    11.487    11.744     5.767     5.853     3.652     5.068    10.620     5.351     8.539     3.812    19.441     2.857     7.365     6.737     8.328     1.502     3.026     1.189     1.970     2.851     9.887     2.918     3.339     6.508     4.374     4.649     5.085     2.064     3.187     2.804     4.323     4.528    11.748
 8/2020        4.632     6.049     5.584     4.321     3.889     3.318     2.116     3.976     5.066     5.089     7.024     3.242     7.085     1.875     6.582     2.440     6.175     1.191     2.378     0.993     1.489     1.584     3.530     3.720     2.259     2.390     1.704     3.580     2.680     1.272     2.530     1.529     1.871     2.880     7.047
 9/2020        1.980     3.241     5.026     6.137     2.161     2.551     1.806     2.720     3.166     3.329     6.767     4.676     4.074     1.962     5.138     1.666     3.022     1.097     1.408     0.930     2.882     2.216     1.970     3.642     2.829     2.204     2.098     2.546     2.435     1.549     3.992     1.106     1.531     3.042     6.506
10/2020        2.202     3.333     7.170     9.605     1.612     1.798     3.248     3.414     1.592     1.629     2.414     2.127     2.547     1.967     4.960     1.974     1.692     1.767     1.262     1.399     1.244     2.082     3.990     6.987     3.252     1.929     1.881     1.667     4.046     1.148     2.786     1.747     1.257     3.581     2.830
11/2020        1.431     1.738     2.885     3.502     1.936     1.203     1.431     2.218     1.334     1.310     1.567     1.831     1.598     1.436     2.578     1.986     1.247     1.252     1.225     0.998     1.087     1.771     2.074     3.228     1.294     1.637     1.620     1.447     1.747     0.975     1.432     1.117     1.527     1.850     1.698
12/2020        1.325     1.463     1.726     1.831     1.360     1.162     1.113     1.305     1.251     1.226     1.388     1.387     1.475     1.244     1.488     1.641     1.182     0.974     1.110     0.842     1.026     1.176     1.429     1.565     1.650     1.346     1.222     1.277     1.223     0.950     1.066     1.005     1.210     1.151     1.392
 1/2021        1.237     1.420     1.562     1.503     1.221     1.043     1.011     1.074     1.153     1.143     1.337     1.252     1.321     1.133     1.285     1.264     1.108     0.909     1.037     0.790     0.918     1.235     1.289     1.246     1.091     1.232     1.098     1.154     1.148     0.902     0.927     0.947     1.137     0.977     1.282
 2/2021        1.080     1.155     1.659     1.573     1.059     0.915     0.867     0.994     1.041     0.982     1.156     1.497     1.636     0.986     1.106     1.175     1.039     0.822     0.931     0.720     0.812     1.053     1.145     1.190     0.901     1.203     0.931     1.059     0.966     0.844     0.975     1.178     1.048     0.822     1.110
 3/2021        1.618     2.732     6.022     3.544     1.822     2.964     1.897     1.176     1.651     1.903     3.693     5.691     2.209     3.218     2.651     3.091     1.765     1.696     1.444     1.354     3.576     1.738     2.187     7.876     1.623     3.158     1.390     2.634     3.736     1.646     2.648     3.349     1.385     1.224     1.662
 4/2021        4.742    14.443    16.851    16.029     7.836    14.456     8.917     6.691    11.372     7.415    12.718     9.457     8.163     9.199     6.553     8.670     8.469     9.495     5.449     4.553     9.842     9.837    11.497    11.638     8.948     9.036     8.789     9.453    12.445     4.550     8.173     5.282     7.979     4.957     4.066
 5/2021       29.793    37.622    27.218    26.034    13.504    16.538    13.381    22.709    27.325    33.922    26.702    26.182    15.253    29.176    22.588    24.272    13.328    31.609     6.391    13.022    20.341    36.704    16.343    18.387    28.709    29.257    18.177    16.287    13.635     9.536    12.688    13.426    11.892    22.604    21.810
 6/2021       23.915    34.664    29.163    19.524    15.518    10.657    11.622    27.420    16.153    29.628    18.920    36.162     5.501    26.023    15.966    21.023     4.089    14.191     2.610     7.877    10.486    32.157     6.415    11.844    26.678    14.517    17.561    17.384     6.346     7.169    11.185    17.163     8.790    25.332    33.400
 7/2021        7.492    11.492    12.278     5.771     5.881     3.680     5.140    10.619     5.350     8.547     3.980    19.462     2.862     7.406     6.970     8.347     1.514     3.027     1.192     2.005     2.834     9.878     2.932     3.380     6.505     4.375     4.628     5.096     2.067     3.198     2.850     4.312     4.525    11.748    14.476
 8/2021        6.073     5.591     4.208     3.895     3.345     2.144     3.963     5.067     5.088     7.033     3.247     7.095     1.879     6.628     2.478     6.197     1.203     2.380     0.989     1.520     1.569     3.527     3.696     2.299     2.386     1.705     3.754     2.691     1.275     2.538     1.556     1.861     2.876     7.046     4.623
 9/2021        3.259     5.031     6.231     2.167     2.576     1.831     2.691     3.167     3.329     6.776     4.690     4.083     1.966     5.181     1.688     3.039     1.107     1.409     0.921     2.926     2.199     1.969     3.592     2.869     2.200     2.099     2.644     2.445     1.552     4.002     1.105     1.522     3.039     6.504     1.974
10/2021        3.349     7.175     9.566     1.617     1.821     3.277     3.456     1.593     1.629     2.418     2.126     2.555     1.971     4.997     1.928     1.707     1.777     1.263     1.400     1.271     2.067     3.987     7.005     3.291     1.925     1.882     1.703     4.063     1.151     2.794     1.743     1.249     3.578     2.828     2.196
11/2021        1.755     2.889     3.675     1.942     1.224     1.453     2.281     1.335     1.310     1.570     1.868     1.604     1.440     2.606     2.004     1.262     1.262     1.225     0.998     1.112     1.757     2.072     3.363     1.327     1.634     1.621     1.486     1.755     0.977     1.438     1.124     1.518     1.847     1.696     1.426
12/2021        1.480     1.730     1.855     1.365     1.184     1.133     1.317     1.251     1.226     1.392     1.392     1.481     1.247     1.515     1.654     1.196     0.983     1.110     0.841     1.049     1.164     1.428     1.596     1.695     1.343     1.223     1.299     1.231     0.953     1.071     1.003     1.201     1.148     1.390     1.320
 1/2022        1.436     1.566     1.500     1.226     1.063     1.030     1.074     1.153     1.143     1.341     1.261     1.327     1.137     1.310     1.264     1.121     0.917     1.038     0.787     0.939     1.221     1.287     1.252     1.120     1.229     1.099     1.178     1.156     0.904     0.932     0.941     1.130     0.973     1.280     1.232
 2/2022        1.167     1.665     1.590     1.063     0.933     0.883     0.988     1.042     0.981     1.159     1.461     1.644     0.989     1.127     1.164     1.052     0.829     0.931     0.720     0.830     1.042     1.143     1.188     0.925     1.200     0.931     1.075     0.972     0.846     0.980     1.179     1.042     0.819     1.109     1.076
 3/2022        2.766     6.043     3.579     1.829     3.011     1.926     1.167     1.652     1.902     3.702     5.723     2.219     3.225     2.701     2.943     1.783     1.708     1.445     1.325     3.621     1.720     2.185     7.739     1.676     3.151     1.391     2.604     3.747     1.649     2.656     3.181     1.378     1.218     1.660     1.611
 4/2022       14.495    16.865    15.160     7.840    14.484     8.946     6.637    11.374     7.414    12.728     9.151     8.168     9.204     6.600     8.186     8.482     9.517     5.454     4.383     9.908     9.796    11.494    11.270     9.038     9.031     8.791     9.286    12.455     4.555     8.187     5.279     7.971     4.949     4.062     4.731
 5/2022       37.637    27.221    26.690    13.507    16.553    13.405    22.065    27.327    33.921    26.707    25.884    15.258    29.177    22.612    24.062    13.338    31.621     6.393    12.657    20.387    36.671    16.342    18.511    28.745    29.255    18.178    16.107    13.640     9.540    12.698    13.082    11.885    22.608    21.810    29.787
 6/2022       34.668    29.165    19.401    15.521    10.669    11.635    27.502    16.153    29.628    18.923    35.931     5.505    26.025    15.980    21.392     4.098    14.195     2.611     8.291    10.498    32.150     6.414    12.008    26.694    14.516    17.562    17.559     6.351     7.171    11.188    17.448     8.785    25.332    33.400    23.912
 7/2022       11.494    12.279     6.053     5.884     3.692     5.152    11.045     5.350     8.547     3.982    20.049     2.866     7.408     6.984     8.654     1.522     3.031     1.192     2.033     2.841     9.875     2.931     3.451     6.519     4.374     4.628     5.336     2.071     3.202     2.852     4.386     4.520    11.746    14.475     7.489
 8/2022        5.593     4.209     3.877     3.348     2.155     3.976     5.243     5.089     7.033     3.249     7.204     1.883     6.630     2.490     6.284     1.210     2.384     0.989     1.512     1.576     3.525     3.695     2.352     2.398     1.703     3.755     2.696     1.279     2.539     1.557     1.879     2.872     7.043     4.622     6.070
 9/2022        5.033     6.232     2.229     2.578     1.842     2.702     3.197     3.329     6.775     4.693     4.088     1.969     5.183     1.698     3.065     1.114     1.412     0.921     2.930     2.207     1.967     3.591     2.810     2.212     2.097     2.644     2.479     1.556     4.004     1.106     1.518     3.035     6.502     1.974     3.256
10/2022        7.177     9.567     1.612     1.823     3.287     3.467     1.615     1.629     2.418     2.128     2.702     1.974     4.999     1.942     1.740     1.784     1.267     1.401     1.290     2.074     3.986     7.004     3.382     1.936     1.881     1.703     4.080     1.155     2.795     1.745     1.249     3.574     2.826     2.196     3.347
11/2022        2.890     3.675     1.958     1.227     1.461     2.290     1.335     1.310     1.570     1.870     1.615     1.444     2.607     2.019     1.265     1.269     1.229     0.998     1.110     1.763     2.071     3.362     1.344     1.644     1.620     1.486     1.813     0.980     1.439     1.125     1.515     1.843     1.693     1.426     1.753
12/2022        1.731     1.856     1.374     1.187     1.141     1.326     1.254     1.226     1.392     1.394     1.488     1.251     1.517     1.664     1.196     0.989     1.113     0.841     1.047     1.169     1.426     1.596     1.695     1.352     1.222     1.299     1.248     0.956     1.072     1.005     1.195     1.145     1.388     1.320     1.478
 1/2023        1.567     1.501     1.229     1.065     1.038     1.082     1.152     1.143     1.340     1.262     1.330     1.140     1.311     1.273     1.121     0.923     1.041     0.787     0.938     1.227     1.286     1.252     1.126     1.239     1.097     1.179     1.164     0.907     0.933     0.942     1.138     0.970     1.279     1.232     1.434
 2/2023        1.667     1.591     1.053     0.935     0.890     0.995     1.044     0.981     1.159     1.463     1.631     0.991     1.128     1.173     1.047     0.835     0.934     0.720     0.821     1.047     1.142     1.188     0.926     1.211     0.930     1.075     0.980     0.849     0.980     1.181     1.030     0.817     1.108     1.075     1.166
 3/2023        6.049     3.582     1.803     3.015     1.938     1.176     1.620     1.903     3.702     5.729     2.232     3.230     2.703     2.951     1.738     1.718     1.449     1.326     3.502     1.728     2.184     7.738     1.566     3.172     1.389     2.604     3.529     1.653     2.657     3.183     1.368     1.214     1.657     1.610     2.761
 4/2023       16.869    15.162     7.560    14.487     8.954     6.654    10.677     7.415    12.728     9.154     8.007     9.210     6.602     8.196     8.145     9.532     5.457     4.384     9.761     9.814    11.493    11.269     8.720     9.048     8.789     9.287    12.471     4.557     8.188     5.281     7.568     4.941     4.058     4.730    14.487
 5/2023       27.221    26.691    13.415    16.554    13.414    22.074    27.484    33.921    26.706    25.885    15.230    29.179    22.613    24.073    13.513    31.626     6.395    12.660    20.365    36.686    16.341    18.510    28.138    29.262    18.177    16.107    13.714     9.542    12.699    13.084    12.057    22.602    21.808    29.786    37.634
